   1.2354000e+04
   1.2355000e+04
   1.2356000e+04
   1.2357000e+04
   1.2358000e+04
   1.2359000e+04
   1.2360000e+04
   1.2361000e+04
   1.2362000e+04
   1.2363000e+04
   1.2364000e+04
   1.2365000e+04
   1.2366000e+04
   1.2367000e+04
   1.2368000e+04
   1.2369000e+04
   1.2370000e+04
   1.2551000e+04
   1.2552000e+04
   1.2553000e+04
   1.2554000e+04
   1.2555000e+04
   1.2556000e+04
   1.2557000e+04
   1.2558000e+04
   1.2559000e+04
   1.2560000e+04
   1.2561000e+04
   1.2562000e+04
   1.2563000e+04
   1.2564000e+04
   1.2565000e+04
   1.2566000e+04
   1.2567000e+04
   1.2568000e+04
   1.2569000e+04
   1.2570000e+04
   1.2571000e+04
   1.2572000e+04
   1.2573000e+04
   1.2574000e+04
   1.2575000e+04
   1.2749000e+04
   1.2750000e+04
   1.2751000e+04
   1.2752000e+04
   1.2753000e+04
   1.2754000e+04
   1.2755000e+04
   1.2756000e+04
   1.2757000e+04
   1.2758000e+04
   1.2759000e+04
   1.2760000e+04
   1.2761000e+04
   1.2762000e+04
   1.2763000e+04
   1.2764000e+04
   1.2765000e+04
   1.2766000e+04
   1.2767000e+04
   1.2768000e+04
   1.2769000e+04
   1.2770000e+04
   1.2771000e+04
   1.2772000e+04
   1.2773000e+04
   1.2774000e+04
   1.2775000e+04
   1.2776000e+04
   1.2777000e+04
   1.2778000e+04
   1.2779000e+04
   1.2948000e+04
   1.2949000e+04
   1.2950000e+04
   1.2951000e+04
   1.2952000e+04
   1.2953000e+04
   1.2954000e+04
   1.2955000e+04
   1.2956000e+04
   1.2957000e+04
   1.2958000e+04
   1.2959000e+04
   1.2960000e+04
   1.2961000e+04
   1.2962000e+04
   1.2963000e+04
   1.2964000e+04
   1.2965000e+04
   1.2966000e+04
   1.2967000e+04
   1.2968000e+04
   1.2969000e+04
   1.2970000e+04
   1.2971000e+04
   1.2972000e+04
   1.2973000e+04
   1.2974000e+04
   1.2975000e+04
   1.2976000e+04
   1.2977000e+04
   1.2978000e+04
   1.2979000e+04
   1.2980000e+04
   1.2981000e+04
   1.2982000e+04
   1.3147000e+04
   1.3148000e+04
   1.3149000e+04
   1.3150000e+04
   1.3151000e+04
   1.3152000e+04
   1.3153000e+04
   1.3154000e+04
   1.3155000e+04
   1.3156000e+04
   1.3157000e+04
   1.3158000e+04
   1.3159000e+04
   1.3160000e+04
   1.3161000e+04
   1.3162000e+04
   1.3163000e+04
   1.3164000e+04
   1.3165000e+04
   1.3166000e+04
   1.3167000e+04
   1.3168000e+04
   1.3169000e+04
   1.3170000e+04
   1.3171000e+04
   1.3172000e+04
   1.3173000e+04
   1.3174000e+04
   1.3175000e+04
   1.3176000e+04
   1.3177000e+04
   1.3178000e+04
   1.3179000e+04
   1.3180000e+04
   1.3181000e+04
   1.3182000e+04
   1.3183000e+04
   1.3184000e+04
   1.3185000e+04
   1.3346000e+04
   1.3347000e+04
   1.3348000e+04
   1.3349000e+04
   1.3350000e+04
   1.3351000e+04
   1.3352000e+04
   1.3353000e+04
   1.3354000e+04
   1.3355000e+04
   1.3356000e+04
   1.3357000e+04
   1.3358000e+04
   1.3359000e+04
   1.3360000e+04
   1.3361000e+04
   1.3362000e+04
   1.3363000e+04
   1.3364000e+04
   1.3365000e+04
   1.3366000e+04
   1.3367000e+04
   1.3368000e+04
   1.3369000e+04
   1.3370000e+04
   1.3371000e+04
   1.3372000e+04
   1.3373000e+04
   1.3374000e+04
   1.3375000e+04
   1.3376000e+04
   1.3377000e+04
   1.3378000e+04
   1.3379000e+04
   1.3380000e+04
   1.3381000e+04
   1.3382000e+04
   1.3383000e+04
   1.3384000e+04
   1.3385000e+04
   1.3386000e+04
   1.3387000e+04
   1.3388000e+04
   1.3546000e+04
   1.3547000e+04
   1.3548000e+04
   1.3549000e+04
   1.3550000e+04
   1.3551000e+04
   1.3552000e+04
   1.3553000e+04
   1.3554000e+04
   1.3555000e+04
   1.3556000e+04
   1.3557000e+04
   1.3558000e+04
   1.3559000e+04
   1.3560000e+04
   1.3561000e+04
   1.3562000e+04
   1.3563000e+04
   1.3564000e+04
   1.3565000e+04
   1.3566000e+04
   1.3567000e+04
   1.3568000e+04
   1.3569000e+04
   1.3570000e+04
   1.3571000e+04
   1.3572000e+04
   1.3573000e+04
   1.3574000e+04
   1.3575000e+04
   1.3576000e+04
   1.3577000e+04
   1.3578000e+04
   1.3579000e+04
   1.3580000e+04
   1.3581000e+04
   1.3582000e+04
   1.3583000e+04
   1.3584000e+04
   1.3585000e+04
   1.3586000e+04
   1.3587000e+04
   1.3588000e+04
   1.3589000e+04
   1.3590000e+04
   1.3746000e+04
   1.3747000e+04
   1.3748000e+04
   1.3749000e+04
   1.3750000e+04
   1.3751000e+04
   1.3752000e+04
   1.3753000e+04
   1.3754000e+04
   1.3755000e+04
   1.3756000e+04
   1.3757000e+04
   1.3758000e+04
   1.3759000e+04
   1.3760000e+04
   1.3761000e+04
   1.3762000e+04
   1.3763000e+04
   1.3764000e+04
   1.3765000e+04
   1.3766000e+04
   1.3767000e+04
   1.3768000e+04
   1.3769000e+04
   1.3770000e+04
   1.3771000e+04
   1.3772000e+04
   1.3773000e+04
   1.3774000e+04
   1.3775000e+04
   1.3776000e+04
   1.3777000e+04
   1.3778000e+04
   1.3779000e+04
   1.3780000e+04
   1.3781000e+04
   1.3782000e+04
   1.3783000e+04
   1.3784000e+04
   1.3785000e+04
   1.3786000e+04
   1.3787000e+04
   1.3788000e+04
   1.3789000e+04
   1.3790000e+04
   1.3791000e+04
   1.3792000e+04
   1.3945000e+04
   1.3946000e+04
   1.3947000e+04
   1.3948000e+04
   1.3949000e+04
   1.3950000e+04
   1.3951000e+04
   1.3952000e+04
   1.3953000e+04
   1.3954000e+04
   1.3955000e+04
   1.3956000e+04
   1.3957000e+04
   1.3958000e+04
   1.3959000e+04
   1.3960000e+04
   1.3961000e+04
   1.3962000e+04
   1.3963000e+04
   1.3964000e+04
   1.3965000e+04
   1.3966000e+04
   1.3967000e+04
   1.3968000e+04
   1.3969000e+04
   1.3970000e+04
   1.3971000e+04
   1.3972000e+04
   1.3973000e+04
   1.3974000e+04
   1.3975000e+04
   1.3976000e+04
   1.3977000e+04
   1.3978000e+04
   1.3979000e+04
   1.3980000e+04
   1.3981000e+04
   1.3982000e+04
   1.3983000e+04
   1.3984000e+04
   1.3985000e+04
   1.3986000e+04
   1.3987000e+04
   1.3988000e+04
   1.3989000e+04
   1.3990000e+04
   1.3991000e+04
   1.3992000e+04
   1.3993000e+04
   1.3994000e+04
   1.3995000e+04
   1.4145000e+04
   1.4146000e+04
   1.4147000e+04
   1.4148000e+04
   1.4149000e+04
   1.4150000e+04
   1.4151000e+04
   1.4152000e+04
   1.4153000e+04
   1.4154000e+04
   1.4155000e+04
   1.4156000e+04
   1.4157000e+04
   1.4158000e+04
   1.4159000e+04
   1.4160000e+04
   1.4161000e+04
   1.4162000e+04
   1.4163000e+04
   1.4164000e+04
   1.4165000e+04
   1.4166000e+04
   1.4167000e+04
   1.4168000e+04
   1.4169000e+04
   1.4170000e+04
   1.4171000e+04
   1.4172000e+04
   1.4173000e+04
   1.4174000e+04
   1.4175000e+04
   1.4176000e+04
   1.4177000e+04
   1.4178000e+04
   1.4179000e+04
   1.4180000e+04
   1.4181000e+04
   1.4182000e+04
   1.4183000e+04
   1.4184000e+04
   1.4185000e+04
   1.4186000e+04
   1.4187000e+04
   1.4188000e+04
   1.4189000e+04
   1.4190000e+04
   1.4191000e+04
   1.4192000e+04
   1.4193000e+04
   1.4194000e+04
   1.4195000e+04
   1.4196000e+04
   1.4197000e+04
   1.4345000e+04
   1.4346000e+04
   1.4347000e+04
   1.4348000e+04
   1.4349000e+04
   1.4350000e+04
   1.4351000e+04
   1.4352000e+04
   1.4353000e+04
   1.4354000e+04
   1.4355000e+04
   1.4356000e+04
   1.4357000e+04
   1.4358000e+04
   1.4359000e+04
   1.4360000e+04
   1.4361000e+04
   1.4362000e+04
   1.4363000e+04
   1.4364000e+04
   1.4365000e+04
   1.4366000e+04
   1.4367000e+04
   1.4368000e+04
   1.4369000e+04
   1.4370000e+04
   1.4371000e+04
   1.4372000e+04
   1.4373000e+04
   1.4374000e+04
   1.4375000e+04
   1.4376000e+04
   1.4377000e+04
   1.4378000e+04
   1.4379000e+04
   1.4380000e+04
   1.4381000e+04
   1.4382000e+04
   1.4383000e+04
   1.4384000e+04
   1.4385000e+04
   1.4386000e+04
   1.4387000e+04
   1.4388000e+04
   1.4389000e+04
   1.4390000e+04
   1.4391000e+04
   1.4392000e+04
   1.4393000e+04
   1.4394000e+04
   1.4395000e+04
   1.4396000e+04
   1.4397000e+04
   1.4398000e+04
   1.4399000e+04
   1.4545000e+04
   1.4546000e+04
   1.4547000e+04
   1.4548000e+04
   1.4549000e+04
   1.4550000e+04
   1.4551000e+04
   1.4552000e+04
   1.4553000e+04
   1.4554000e+04
   1.4555000e+04
   1.4556000e+04
   1.4557000e+04
   1.4558000e+04
   1.4559000e+04
   1.4560000e+04
   1.4561000e+04
   1.4562000e+04
   1.4563000e+04
   1.4564000e+04
   1.4565000e+04
   1.4566000e+04
   1.4567000e+04
   1.4568000e+04
   1.4569000e+04
   1.4570000e+04
   1.4571000e+04
   1.4572000e+04
   1.4573000e+04
   1.4574000e+04
   1.4575000e+04
   1.4576000e+04
   1.4577000e+04
   1.4578000e+04
   1.4579000e+04
   1.4580000e+04
   1.4581000e+04
   1.4582000e+04
   1.4583000e+04
   1.4584000e+04
   1.4585000e+04
   1.4586000e+04
   1.4587000e+04
   1.4588000e+04
   1.4589000e+04
   1.4590000e+04
   1.4591000e+04
   1.4592000e+04
   1.4593000e+04
   1.4594000e+04
   1.4595000e+04
   1.4596000e+04
   1.4597000e+04
   1.4598000e+04
   1.4599000e+04
   1.4600000e+04
   1.4601000e+04
   1.4745000e+04
   1.4746000e+04
   1.4747000e+04
   1.4748000e+04
   1.4749000e+04
   1.4750000e+04
   1.4751000e+04
   1.4752000e+04
   1.4753000e+04
   1.4754000e+04
   1.4755000e+04
   1.4756000e+04
   1.4757000e+04
   1.4758000e+04
   1.4759000e+04
   1.4760000e+04
   1.4761000e+04
   1.4762000e+04
   1.4763000e+04
   1.4764000e+04
   1.4765000e+04
   1.4766000e+04
   1.4767000e+04
   1.4768000e+04
   1.4769000e+04
   1.4770000e+04
   1.4771000e+04
   1.4772000e+04
   1.4773000e+04
   1.4774000e+04
   1.4775000e+04
   1.4776000e+04
   1.4777000e+04
   1.4778000e+04
   1.4779000e+04
   1.4780000e+04
   1.4781000e+04
   1.4782000e+04
   1.4783000e+04
   1.4784000e+04
   1.4785000e+04
   1.4786000e+04
   1.4787000e+04
   1.4788000e+04
   1.4789000e+04
   1.4790000e+04
   1.4791000e+04
   1.4792000e+04
   1.4793000e+04
   1.4794000e+04
   1.4795000e+04
   1.4796000e+04
   1.4797000e+04
   1.4798000e+04
   1.4799000e+04
   1.4800000e+04
   1.4801000e+04
   1.4802000e+04
   1.4803000e+04
   1.4945000e+04
   1.4946000e+04
   1.4947000e+04
   1.4948000e+04
   1.4949000e+04
   1.4950000e+04
   1.4951000e+04
   1.4952000e+04
   1.4953000e+04
   1.4954000e+04
   1.4955000e+04
   1.4956000e+04
   1.4957000e+04
   1.4958000e+04
   1.4959000e+04
   1.4960000e+04
   1.4961000e+04
   1.4962000e+04
   1.4963000e+04
   1.4964000e+04
   1.4965000e+04
   1.4966000e+04
   1.4967000e+04
   1.4968000e+04
   1.4969000e+04
   1.4970000e+04
   1.4971000e+04
   1.4972000e+04
   1.4973000e+04
   1.4974000e+04
   1.4975000e+04
   1.4976000e+04
   1.4977000e+04
   1.4978000e+04
   1.4979000e+04
   1.4980000e+04
   1.4981000e+04
   1.4982000e+04
   1.4983000e+04
   1.4984000e+04
   1.4985000e+04
   1.4986000e+04
   1.4987000e+04
   1.4988000e+04
   1.4989000e+04
   1.4990000e+04
   1.4991000e+04
   1.4992000e+04
   1.4993000e+04
   1.4994000e+04
   1.4995000e+04
   1.4996000e+04
   1.4997000e+04
   1.4998000e+04
   1.4999000e+04
   1.5000000e+04
   1.5001000e+04
   1.5002000e+04
   1.5003000e+04
   1.5004000e+04
   1.5005000e+04
   1.5145000e+04
   1.5146000e+04
   1.5147000e+04
   1.5148000e+04
   1.5149000e+04
   1.5150000e+04
   1.5151000e+04
   1.5152000e+04
   1.5153000e+04
   1.5154000e+04
   1.5155000e+04
   1.5156000e+04
   1.5157000e+04
   1.5158000e+04
   1.5159000e+04
   1.5160000e+04
   1.5161000e+04
   1.5162000e+04
   1.5163000e+04
   1.5164000e+04
   1.5165000e+04
   1.5166000e+04
   1.5167000e+04
   1.5168000e+04
   1.5169000e+04
   1.5170000e+04
   1.5171000e+04
   1.5172000e+04
   1.5173000e+04
   1.5174000e+04
   1.5175000e+04
   1.5176000e+04
   1.5177000e+04
   1.5178000e+04
   1.5179000e+04
   1.5180000e+04
   1.5181000e+04
   1.5182000e+04
   1.5183000e+04
   1.5184000e+04
   1.5185000e+04
   1.5186000e+04
   1.5187000e+04
   1.5188000e+04
   1.5189000e+04
   1.5190000e+04
   1.5191000e+04
   1.5192000e+04
   1.5193000e+04
   1.5194000e+04
   1.5195000e+04
   1.5196000e+04
   1.5197000e+04
   1.5198000e+04
   1.5199000e+04
   1.5200000e+04
   1.5201000e+04
   1.5202000e+04
   1.5203000e+04
   1.5204000e+04
   1.5205000e+04
   1.5206000e+04
   1.5207000e+04
   1.5346000e+04
   1.5347000e+04
   1.5348000e+04
   1.5349000e+04
   1.5350000e+04
   1.5351000e+04
   1.5352000e+04
   1.5353000e+04
   1.5354000e+04
   1.5355000e+04
   1.5356000e+04
   1.5357000e+04
   1.5358000e+04
   1.5359000e+04
   1.5360000e+04
   1.5361000e+04
   1.5362000e+04
   1.5363000e+04
   1.5364000e+04
   1.5365000e+04
   1.5366000e+04
   1.5367000e+04
   1.5368000e+04
   1.5369000e+04
   1.5370000e+04
   1.5371000e+04
   1.5372000e+04
   1.5373000e+04
   1.5374000e+04
   1.5375000e+04
   1.5376000e+04
   1.5377000e+04
   1.5378000e+04
   1.5379000e+04
   1.5380000e+04
   1.5381000e+04
   1.5382000e+04
   1.5383000e+04
   1.5384000e+04
   1.5385000e+04
   1.5386000e+04
   1.5387000e+04
   1.5388000e+04
   1.5389000e+04
   1.5390000e+04
   1.5391000e+04
   1.5392000e+04
   1.5393000e+04
   1.5394000e+04
   1.5395000e+04
   1.5396000e+04
   1.5397000e+04
   1.5398000e+04
   1.5399000e+04
   1.5400000e+04
   1.5401000e+04
   1.5402000e+04
   1.5403000e+04
   1.5404000e+04
   1.5405000e+04
   1.5406000e+04
   1.5407000e+04
   1.5408000e+04
   1.5546000e+04
   1.5547000e+04
   1.5548000e+04
   1.5549000e+04
   1.5550000e+04
   1.5551000e+04
   1.5552000e+04
   1.5553000e+04
   1.5554000e+04
   1.5555000e+04
   1.5556000e+04
   1.5557000e+04
   1.5558000e+04
   1.5559000e+04
   1.5560000e+04
   1.5561000e+04
   1.5562000e+04
   1.5563000e+04
   1.5564000e+04
   1.5565000e+04
   1.5566000e+04
   1.5567000e+04
   1.5568000e+04
   1.5569000e+04
   1.5570000e+04
   1.5571000e+04
   1.5572000e+04
   1.5573000e+04
   1.5574000e+04
   1.5575000e+04
   1.5576000e+04
   1.5577000e+04
   1.5578000e+04
   1.5579000e+04
   1.5580000e+04
   1.5581000e+04
   1.5582000e+04
   1.5583000e+04
   1.5584000e+04
   1.5585000e+04
   1.5586000e+04
   1.5587000e+04
   1.5588000e+04
   1.5589000e+04
   1.5590000e+04
   1.5591000e+04
   1.5592000e+04
   1.5593000e+04
   1.5594000e+04
   1.5595000e+04
   1.5596000e+04
   1.5597000e+04
   1.5598000e+04
   1.5599000e+04
   1.5600000e+04
   1.5601000e+04
   1.5602000e+04
   1.5603000e+04
   1.5604000e+04
   1.5605000e+04
   1.5606000e+04
   1.5607000e+04
   1.5608000e+04
   1.5609000e+04
   1.5610000e+04
   1.5746000e+04
   1.5747000e+04
   1.5748000e+04
   1.5749000e+04
   1.5750000e+04
   1.5751000e+04
   1.5752000e+04
   1.5753000e+04
   1.5754000e+04
   1.5755000e+04
   1.5756000e+04
   1.5757000e+04
   1.5758000e+04
   1.5759000e+04
   1.5760000e+04
   1.5761000e+04
   1.5762000e+04
   1.5763000e+04
   1.5764000e+04
   1.5765000e+04
   1.5766000e+04
   1.5767000e+04
   1.5768000e+04
   1.5769000e+04
   1.5770000e+04
   1.5771000e+04
   1.5772000e+04
   1.5773000e+04
   1.5774000e+04
   1.5775000e+04
   1.5776000e+04
   1.5777000e+04
   1.5778000e+04
   1.5779000e+04
   1.5780000e+04
   1.5781000e+04
   1.5782000e+04
   1.5783000e+04
   1.5784000e+04
   1.5785000e+04
   1.5786000e+04
   1.5787000e+04
   1.5788000e+04
   1.5789000e+04
   1.5790000e+04
   1.5791000e+04
   1.5792000e+04
   1.5793000e+04
   1.5794000e+04
   1.5795000e+04
   1.5796000e+04
   1.5797000e+04
   1.5798000e+04
   1.5799000e+04
   1.5800000e+04
   1.5801000e+04
   1.5802000e+04
   1.5803000e+04
   1.5804000e+04
   1.5805000e+04
   1.5806000e+04
   1.5807000e+04
   1.5808000e+04
   1.5809000e+04
   1.5810000e+04
   1.5811000e+04
   1.5812000e+04
   1.5946000e+04
   1.5947000e+04
   1.5948000e+04
   1.5949000e+04
   1.5950000e+04
   1.5951000e+04
   1.5952000e+04
   1.5953000e+04
   1.5954000e+04
   1.5955000e+04
   1.5956000e+04
   1.5957000e+04
   1.5958000e+04
   1.5959000e+04
   1.5960000e+04
   1.5961000e+04
   1.5962000e+04
   1.5963000e+04
   1.5964000e+04
   1.5965000e+04
   1.5966000e+04
   1.5967000e+04
   1.5968000e+04
   1.5969000e+04
   1.5970000e+04
   1.5971000e+04
   1.5972000e+04
   1.5973000e+04
   1.5974000e+04
   1.5975000e+04
   1.5976000e+04
   1.5977000e+04
   1.5978000e+04
   1.5979000e+04
   1.5980000e+04
   1.5981000e+04
   1.5982000e+04
   1.5983000e+04
   1.5984000e+04
   1.5985000e+04
   1.5986000e+04
   1.5987000e+04
   1.5988000e+04
   1.5989000e+04
   1.5990000e+04
   1.5991000e+04
   1.5992000e+04
   1.5993000e+04
   1.5994000e+04
   1.5995000e+04
   1.5996000e+04
   1.5997000e+04
   1.5998000e+04
   1.5999000e+04
   1.6000000e+04
   1.6001000e+04
   1.6002000e+04
   1.6003000e+04
   1.6004000e+04
   1.6005000e+04
   1.6006000e+04
   1.6007000e+04
   1.6008000e+04
   1.6009000e+04
   1.6010000e+04
   1.6011000e+04
   1.6012000e+04
   1.6013000e+04
   1.6014000e+04
   1.6147000e+04
   1.6148000e+04
   1.6149000e+04
   1.6150000e+04
   1.6151000e+04
   1.6152000e+04
   1.6153000e+04
   1.6154000e+04
   1.6155000e+04
   1.6156000e+04
   1.6157000e+04
   1.6158000e+04
   1.6159000e+04
   1.6160000e+04
   1.6161000e+04
   1.6162000e+04
   1.6163000e+04
   1.6164000e+04
   1.6165000e+04
   1.6166000e+04
   1.6167000e+04
   1.6168000e+04
   1.6169000e+04
   1.6170000e+04
   1.6171000e+04
   1.6172000e+04
   1.6173000e+04
   1.6174000e+04
   1.6175000e+04
   1.6176000e+04
   1.6177000e+04
   1.6178000e+04
   1.6179000e+04
   1.6180000e+04
   1.6181000e+04
   1.6182000e+04
   1.6183000e+04
   1.6184000e+04
   1.6185000e+04
   1.6186000e+04
   1.6187000e+04
   1.6188000e+04
   1.6189000e+04
   1.6190000e+04
   1.6191000e+04
   1.6192000e+04
   1.6193000e+04
   1.6194000e+04
   1.6195000e+04
   1.6196000e+04
   1.6197000e+04
   1.6198000e+04
   1.6199000e+04
   1.6200000e+04
   1.6201000e+04
   1.6202000e+04
   1.6203000e+04
   1.6204000e+04
   1.6205000e+04
   1.6206000e+04
   1.6207000e+04
   1.6208000e+04
   1.6209000e+04
   1.6210000e+04
   1.6211000e+04
   1.6212000e+04
   1.6213000e+04
   1.6214000e+04
   1.6215000e+04
   1.6347000e+04
   1.6348000e+04
   1.6349000e+04
   1.6350000e+04
   1.6351000e+04
   1.6352000e+04
   1.6353000e+04
   1.6354000e+04
   1.6355000e+04
   1.6356000e+04
   1.6357000e+04
   1.6358000e+04
   1.6359000e+04
   1.6360000e+04
   1.6361000e+04
   1.6362000e+04
   1.6363000e+04
   1.6364000e+04
   1.6365000e+04
   1.6366000e+04
   1.6367000e+04
   1.6368000e+04
   1.6369000e+04
   1.6370000e+04
   1.6371000e+04
   1.6372000e+04
   1.6373000e+04
   1.6374000e+04
   1.6375000e+04
   1.6376000e+04
   1.6377000e+04
   1.6378000e+04
   1.6379000e+04
   1.6380000e+04
   1.6381000e+04
   1.6382000e+04
   1.6383000e+04
   1.6384000e+04
   1.6385000e+04
   1.6386000e+04
   1.6387000e+04
   1.6388000e+04
   1.6389000e+04
   1.6390000e+04
   1.6391000e+04
   1.6392000e+04
   1.6393000e+04
   1.6394000e+04
   1.6395000e+04
   1.6396000e+04
   1.6397000e+04
   1.6398000e+04
   1.6399000e+04
   1.6400000e+04
   1.6401000e+04
   1.6402000e+04
   1.6403000e+04
   1.6404000e+04
   1.6405000e+04
   1.6406000e+04
   1.6407000e+04
   1.6408000e+04
   1.6409000e+04
   1.6410000e+04
   1.6411000e+04
   1.6412000e+04
   1.6413000e+04
   1.6414000e+04
   1.6415000e+04
   1.6416000e+04
   1.6417000e+04
   1.6548000e+04
   1.6549000e+04
   1.6550000e+04
   1.6551000e+04
   1.6552000e+04
   1.6553000e+04
   1.6554000e+04
   1.6555000e+04
   1.6556000e+04
   1.6557000e+04
   1.6558000e+04
   1.6559000e+04
   1.6560000e+04
   1.6561000e+04
   1.6562000e+04
   1.6563000e+04
   1.6564000e+04
   1.6565000e+04
   1.6566000e+04
   1.6567000e+04
   1.6568000e+04
   1.6569000e+04
   1.6570000e+04
   1.6571000e+04
   1.6572000e+04
   1.6573000e+04
   1.6574000e+04
   1.6575000e+04
   1.6576000e+04
   1.6577000e+04
   1.6578000e+04
   1.6579000e+04
   1.6580000e+04
   1.6581000e+04
   1.6582000e+04
   1.6583000e+04
   1.6584000e+04
   1.6585000e+04
   1.6586000e+04
   1.6587000e+04
   1.6588000e+04
   1.6589000e+04
   1.6590000e+04
   1.6591000e+04
   1.6592000e+04
   1.6593000e+04
   1.6594000e+04
   1.6595000e+04
   1.6596000e+04
   1.6597000e+04
   1.6598000e+04
   1.6599000e+04
   1.6600000e+04
   1.6601000e+04
   1.6602000e+04
   1.6603000e+04
   1.6604000e+04
   1.6605000e+04
   1.6606000e+04
   1.6607000e+04
   1.6608000e+04
   1.6609000e+04
   1.6610000e+04
   1.6611000e+04
   1.6612000e+04
   1.6613000e+04
   1.6614000e+04
   1.6615000e+04
   1.6616000e+04
   1.6617000e+04
   1.6618000e+04
   1.6748000e+04
   1.6749000e+04
   1.6750000e+04
   1.6751000e+04
   1.6752000e+04
   1.6753000e+04
   1.6754000e+04
   1.6755000e+04
   1.6756000e+04
   1.6757000e+04
   1.6758000e+04
   1.6759000e+04
   1.6760000e+04
   1.6761000e+04
   1.6762000e+04
   1.6763000e+04
   1.6764000e+04
   1.6765000e+04
   1.6766000e+04
   1.6767000e+04
   1.6768000e+04
   1.6769000e+04
   1.6770000e+04
   1.6771000e+04
   1.6772000e+04
   1.6773000e+04
   1.6774000e+04
   1.6775000e+04
   1.6776000e+04
   1.6777000e+04
   1.6778000e+04
   1.6779000e+04
   1.6780000e+04
   1.6781000e+04
   1.6782000e+04
   1.6783000e+04
   1.6784000e+04
   1.6785000e+04
   1.6786000e+04
   1.6787000e+04
   1.6788000e+04
   1.6789000e+04
   1.6790000e+04
   1.6791000e+04
   1.6792000e+04
   1.6793000e+04
   1.6794000e+04
   1.6795000e+04
   1.6796000e+04
   1.6797000e+04
   1.6798000e+04
   1.6799000e+04
   1.6800000e+04
   1.6801000e+04
   1.6802000e+04
   1.6803000e+04
   1.6804000e+04
   1.6805000e+04
   1.6806000e+04
   1.6807000e+04
   1.6808000e+04
   1.6809000e+04
   1.6810000e+04
   1.6811000e+04
   1.6812000e+04
   1.6813000e+04
   1.6814000e+04
   1.6815000e+04
   1.6816000e+04
   1.6817000e+04
   1.6818000e+04
   1.6819000e+04
   1.6820000e+04
   1.6949000e+04
   1.6950000e+04
   1.6951000e+04
   1.6952000e+04
   1.6953000e+04
   1.6954000e+04
   1.6955000e+04
   1.6956000e+04
   1.6957000e+04
   1.6958000e+04
   1.6959000e+04
   1.6960000e+04
   1.6961000e+04
   1.6962000e+04
   1.6963000e+04
   1.6964000e+04
   1.6965000e+04
   1.6966000e+04
   1.6967000e+04
   1.6968000e+04
   1.6969000e+04
   1.6970000e+04
   1.6971000e+04
   1.6972000e+04
   1.6973000e+04
   1.6974000e+04
   1.6975000e+04
   1.6976000e+04
   1.6977000e+04
   1.6978000e+04
   1.6979000e+04
   1.6980000e+04
   1.6981000e+04
   1.6982000e+04
   1.6983000e+04
   1.6984000e+04
   1.6985000e+04
   1.6986000e+04
   1.6987000e+04
   1.6988000e+04
   1.6989000e+04
   1.6990000e+04
   1.6991000e+04
   1.6992000e+04
   1.6993000e+04
   1.6994000e+04
   1.6995000e+04
   1.6996000e+04
   1.6997000e+04
   1.6998000e+04
   1.6999000e+04
   1.7000000e+04
   1.7001000e+04
   1.7002000e+04
   1.7003000e+04
   1.7004000e+04
   1.7005000e+04
   1.7006000e+04
   1.7007000e+04
   1.7008000e+04
   1.7009000e+04
   1.7010000e+04
   1.7011000e+04
   1.7012000e+04
   1.7013000e+04
   1.7014000e+04
   1.7015000e+04
   1.7016000e+04
   1.7017000e+04
   1.7018000e+04
   1.7019000e+04
   1.7020000e+04
   1.7021000e+04
   1.7149000e+04
   1.7150000e+04
   1.7151000e+04
   1.7152000e+04
   1.7153000e+04
   1.7154000e+04
   1.7155000e+04
   1.7156000e+04
   1.7157000e+04
   1.7158000e+04
   1.7159000e+04
   1.7160000e+04
   1.7161000e+04
   1.7162000e+04
   1.7163000e+04
   1.7164000e+04
   1.7165000e+04
   1.7166000e+04
   1.7167000e+04
   1.7168000e+04
   1.7169000e+04
   1.7170000e+04
   1.7171000e+04
   1.7172000e+04
   1.7173000e+04
   1.7174000e+04
   1.7175000e+04
   1.7176000e+04
   1.7177000e+04
   1.7178000e+04
   1.7179000e+04
   1.7180000e+04
   1.7181000e+04
   1.7182000e+04
   1.7183000e+04
   1.7184000e+04
   1.7185000e+04
   1.7186000e+04
   1.7187000e+04
   1.7188000e+04
   1.7189000e+04
   1.7190000e+04
   1.7191000e+04
   1.7192000e+04
   1.7193000e+04
   1.7194000e+04
   1.7195000e+04
   1.7196000e+04
   1.7197000e+04
   1.7198000e+04
   1.7199000e+04
   1.7200000e+04
   1.7201000e+04
   1.7202000e+04
   1.7203000e+04
   1.7204000e+04
   1.7205000e+04
   1.7206000e+04
   1.7207000e+04
   1.7208000e+04
   1.7209000e+04
   1.7210000e+04
   1.7211000e+04
   1.7212000e+04
   1.7213000e+04
   1.7214000e+04
   1.7215000e+04
   1.7216000e+04
   1.7217000e+04
   1.7218000e+04
   1.7219000e+04
   1.7220000e+04
   1.7221000e+04
   1.7222000e+04
   1.7223000e+04
   1.7350000e+04
   1.7351000e+04
   1.7352000e+04
   1.7353000e+04
   1.7354000e+04
   1.7355000e+04
   1.7356000e+04
   1.7357000e+04
   1.7358000e+04
   1.7359000e+04
   1.7360000e+04
   1.7361000e+04
   1.7362000e+04
   1.7363000e+04
   1.7364000e+04
   1.7365000e+04
   1.7366000e+04
   1.7367000e+04
   1.7368000e+04
   1.7369000e+04
   1.7370000e+04
   1.7371000e+04
   1.7372000e+04
   1.7373000e+04
   1.7374000e+04
   1.7375000e+04
   1.7376000e+04
   1.7377000e+04
   1.7378000e+04
   1.7379000e+04
   1.7380000e+04
   1.7381000e+04
   1.7382000e+04
   1.7383000e+04
   1.7384000e+04
   1.7385000e+04
   1.7386000e+04
   1.7387000e+04
   1.7388000e+04
   1.7389000e+04
   1.7390000e+04
   1.7391000e+04
   1.7392000e+04
   1.7393000e+04
   1.7394000e+04
   1.7395000e+04
   1.7396000e+04
   1.7397000e+04
   1.7398000e+04
   1.7399000e+04
   1.7400000e+04
   1.7401000e+04
   1.7402000e+04
   1.7403000e+04
   1.7404000e+04
   1.7405000e+04
   1.7406000e+04
   1.7407000e+04
   1.7408000e+04
   1.7409000e+04
   1.7410000e+04
   1.7411000e+04
   1.7412000e+04
   1.7413000e+04
   1.7414000e+04
   1.7415000e+04
   1.7416000e+04
   1.7417000e+04
   1.7418000e+04
   1.7419000e+04
   1.7420000e+04
   1.7421000e+04
   1.7422000e+04
   1.7423000e+04
   1.7424000e+04
   1.7551000e+04
   1.7552000e+04
   1.7553000e+04
   1.7554000e+04
   1.7555000e+04
   1.7556000e+04
   1.7557000e+04
   1.7558000e+04
   1.7559000e+04
   1.7560000e+04
   1.7561000e+04
   1.7562000e+04
   1.7563000e+04
   1.7564000e+04
   1.7565000e+04
   1.7566000e+04
   1.7567000e+04
   1.7568000e+04
   1.7569000e+04
   1.7570000e+04
   1.7571000e+04
   1.7572000e+04
   1.7573000e+04
   1.7574000e+04
   1.7575000e+04
   1.7576000e+04
   1.7577000e+04
   1.7578000e+04
   1.7579000e+04
   1.7580000e+04
   1.7581000e+04
   1.7582000e+04
   1.7583000e+04
   1.7584000e+04
   1.7585000e+04
   1.7586000e+04
   1.7587000e+04
   1.7588000e+04
   1.7589000e+04
   1.7590000e+04
   1.7591000e+04
   1.7592000e+04
   1.7593000e+04
   1.7594000e+04
   1.7595000e+04
   1.7596000e+04
   1.7597000e+04
   1.7598000e+04
   1.7599000e+04
   1.7600000e+04
   1.7601000e+04
   1.7602000e+04
   1.7603000e+04
   1.7604000e+04
   1.7605000e+04
   1.7606000e+04
   1.7607000e+04
   1.7608000e+04
   1.7609000e+04
   1.7610000e+04
   1.7611000e+04
   1.7612000e+04
   1.7613000e+04
   1.7614000e+04
   1.7615000e+04
   1.7616000e+04
   1.7617000e+04
   1.7618000e+04
   1.7619000e+04
   1.7620000e+04
   1.7621000e+04
   1.7622000e+04
   1.7623000e+04
   1.7624000e+04
   1.7625000e+04
   1.7751000e+04
   1.7752000e+04
   1.7753000e+04
   1.7754000e+04
   1.7755000e+04
   1.7756000e+04
   1.7757000e+04
   1.7758000e+04
   1.7759000e+04
   1.7760000e+04
   1.7761000e+04
   1.7762000e+04
   1.7763000e+04
   1.7764000e+04
   1.7765000e+04
   1.7766000e+04
   1.7767000e+04
   1.7768000e+04
   1.7769000e+04
   1.7770000e+04
   1.7771000e+04
   1.7772000e+04
   1.7773000e+04
   1.7774000e+04
   1.7775000e+04
   1.7776000e+04
   1.7777000e+04
   1.7778000e+04
   1.7779000e+04
   1.7780000e+04
   1.7781000e+04
   1.7782000e+04
   1.7783000e+04
   1.7784000e+04
   1.7785000e+04
   1.7786000e+04
   1.7787000e+04
   1.7788000e+04
   1.7789000e+04
   1.7790000e+04
   1.7791000e+04
   1.7792000e+04
   1.7793000e+04
   1.7794000e+04
   1.7795000e+04
   1.7796000e+04
   1.7797000e+04
   1.7798000e+04
   1.7799000e+04
   1.7800000e+04
   1.7801000e+04
   1.7802000e+04
   1.7803000e+04
   1.7804000e+04
   1.7805000e+04
   1.7806000e+04
   1.7807000e+04
   1.7808000e+04
   1.7809000e+04
   1.7810000e+04
   1.7811000e+04
   1.7812000e+04
   1.7813000e+04
   1.7814000e+04
   1.7815000e+04
   1.7816000e+04
   1.7817000e+04
   1.7818000e+04
   1.7819000e+04
   1.7820000e+04
   1.7821000e+04
   1.7822000e+04
   1.7823000e+04
   1.7824000e+04
   1.7825000e+04
   1.7826000e+04
   1.7827000e+04
   1.7952000e+04
   1.7953000e+04
   1.7954000e+04
   1.7955000e+04
   1.7956000e+04
   1.7957000e+04
   1.7958000e+04
   1.7959000e+04
   1.7960000e+04
   1.7961000e+04
   1.7962000e+04
   1.7963000e+04
   1.7964000e+04
   1.7965000e+04
   1.7966000e+04
   1.7967000e+04
   1.7968000e+04
   1.7969000e+04
   1.7970000e+04
   1.7971000e+04
   1.7972000e+04
   1.7973000e+04
   1.7974000e+04
   1.7975000e+04
   1.7976000e+04
   1.7977000e+04
   1.7978000e+04
   1.7979000e+04
   1.7980000e+04
   1.7981000e+04
   1.7982000e+04
   1.7983000e+04
   1.7984000e+04
   1.7985000e+04
   1.7986000e+04
   1.7987000e+04
   1.7988000e+04
   1.7989000e+04
   1.7990000e+04
   1.7991000e+04
   1.7992000e+04
   1.7993000e+04
   1.7994000e+04
   1.7995000e+04
   1.7996000e+04
   1.7997000e+04
   1.7998000e+04
   1.7999000e+04
   1.8000000e+04
   1.8001000e+04
   1.8002000e+04
   1.8003000e+04
   1.8004000e+04
   1.8005000e+04
   1.8006000e+04
   1.8007000e+04
   1.8008000e+04
   1.8009000e+04
   1.8010000e+04
   1.8011000e+04
   1.8012000e+04
   1.8013000e+04
   1.8014000e+04
   1.8015000e+04
   1.8016000e+04
   1.8017000e+04
   1.8018000e+04
   1.8019000e+04
   1.8020000e+04
   1.8021000e+04
   1.8022000e+04
   1.8023000e+04
   1.8024000e+04
   1.8025000e+04
   1.8026000e+04
   1.8027000e+04
   1.8028000e+04
   1.8153000e+04
   1.8154000e+04
   1.8155000e+04
   1.8156000e+04
   1.8157000e+04
   1.8158000e+04
   1.8159000e+04
   1.8160000e+04
   1.8161000e+04
   1.8162000e+04
   1.8163000e+04
   1.8164000e+04
   1.8165000e+04
   1.8166000e+04
   1.8167000e+04
   1.8168000e+04
   1.8169000e+04
   1.8170000e+04
   1.8171000e+04
   1.8172000e+04
   1.8173000e+04
   1.8174000e+04
   1.8175000e+04
   1.8176000e+04
   1.8177000e+04
   1.8178000e+04
   1.8179000e+04
   1.8180000e+04
   1.8181000e+04
   1.8182000e+04
   1.8183000e+04
   1.8184000e+04
   1.8185000e+04
   1.8186000e+04
   1.8187000e+04
   1.8188000e+04
   1.8189000e+04
   1.8190000e+04
   1.8191000e+04
   1.8192000e+04
   1.8193000e+04
   1.8194000e+04
   1.8195000e+04
   1.8196000e+04
   1.8197000e+04
   1.8198000e+04
   1.8199000e+04
   1.8200000e+04
   1.8201000e+04
   1.8202000e+04
   1.8203000e+04
   1.8204000e+04
   1.8205000e+04
   1.8206000e+04
   1.8207000e+04
   1.8208000e+04
   1.8209000e+04
   1.8210000e+04
   1.8211000e+04
   1.8212000e+04
   1.8213000e+04
   1.8214000e+04
   1.8215000e+04
   1.8216000e+04
   1.8217000e+04
   1.8218000e+04
   1.8219000e+04
   1.8220000e+04
   1.8221000e+04
   1.8222000e+04
   1.8223000e+04
   1.8224000e+04
   1.8225000e+04
   1.8226000e+04
   1.8227000e+04
   1.8228000e+04
   1.8229000e+04
   1.8354000e+04
   1.8355000e+04
   1.8356000e+04
   1.8357000e+04
   1.8358000e+04
   1.8359000e+04
   1.8360000e+04
   1.8361000e+04
   1.8362000e+04
   1.8363000e+04
   1.8364000e+04
   1.8365000e+04
   1.8366000e+04
   1.8367000e+04
   1.8368000e+04
   1.8369000e+04
   1.8370000e+04
   1.8371000e+04
   1.8372000e+04
   1.8373000e+04
   1.8374000e+04
   1.8375000e+04
   1.8376000e+04
   1.8377000e+04
   1.8378000e+04
   1.8379000e+04
   1.8380000e+04
   1.8381000e+04
   1.8382000e+04
   1.8383000e+04
   1.8384000e+04
   1.8385000e+04
   1.8386000e+04
   1.8387000e+04
   1.8388000e+04
   1.8389000e+04
   1.8390000e+04
   1.8391000e+04
   1.8392000e+04
   1.8393000e+04
   1.8394000e+04
   1.8395000e+04
   1.8396000e+04
   1.8397000e+04
   1.8398000e+04
   1.8399000e+04
   1.8400000e+04
   1.8401000e+04
   1.8402000e+04
   1.8403000e+04
   1.8404000e+04
   1.8405000e+04
   1.8406000e+04
   1.8407000e+04
   1.8408000e+04
   1.8409000e+04
   1.8410000e+04
   1.8411000e+04
   1.8412000e+04
   1.8413000e+04
   1.8414000e+04
   1.8415000e+04
   1.8416000e+04
   1.8417000e+04
   1.8418000e+04
   1.8419000e+04
   1.8420000e+04
   1.8421000e+04
   1.8422000e+04
   1.8423000e+04
   1.8424000e+04
   1.8425000e+04
   1.8426000e+04
   1.8427000e+04
   1.8428000e+04
   1.8429000e+04
   1.8430000e+04
   1.8554000e+04
   1.8555000e+04
   1.8556000e+04
   1.8557000e+04
   1.8558000e+04
   1.8559000e+04
   1.8560000e+04
   1.8561000e+04
   1.8562000e+04
   1.8563000e+04
   1.8564000e+04
   1.8565000e+04
   1.8566000e+04
   1.8567000e+04
   1.8568000e+04
   1.8569000e+04
   1.8570000e+04
   1.8571000e+04
   1.8572000e+04
   1.8573000e+04
   1.8574000e+04
   1.8575000e+04
   1.8576000e+04
   1.8577000e+04
   1.8578000e+04
   1.8579000e+04
   1.8580000e+04
   1.8581000e+04
   1.8582000e+04
   1.8583000e+04
   1.8584000e+04
   1.8585000e+04
   1.8586000e+04
   1.8587000e+04
   1.8588000e+04
   1.8589000e+04
   1.8590000e+04
   1.8591000e+04
   1.8592000e+04
   1.8593000e+04
   1.8594000e+04
   1.8595000e+04
   1.8596000e+04
   1.8597000e+04
   1.8598000e+04
   1.8599000e+04
   1.8600000e+04
   1.8601000e+04
   1.8602000e+04
   1.8603000e+04
   1.8604000e+04
   1.8605000e+04
   1.8606000e+04
   1.8607000e+04
   1.8608000e+04
   1.8609000e+04
   1.8610000e+04
   1.8611000e+04
   1.8612000e+04
   1.8613000e+04
   1.8614000e+04
   1.8615000e+04
   1.8616000e+04
   1.8617000e+04
   1.8618000e+04
   1.8619000e+04
   1.8620000e+04
   1.8621000e+04
   1.8622000e+04
   1.8623000e+04
   1.8624000e+04
   1.8625000e+04
   1.8626000e+04
   1.8627000e+04
   1.8628000e+04
   1.8629000e+04
   1.8630000e+04
   1.8631000e+04
   1.8632000e+04
   1.8755000e+04
   1.8756000e+04
   1.8757000e+04
   1.8758000e+04
   1.8759000e+04
   1.8760000e+04
   1.8761000e+04
   1.8762000e+04
   1.8763000e+04
   1.8764000e+04
   1.8765000e+04
   1.8766000e+04
   1.8767000e+04
   1.8768000e+04
   1.8769000e+04
   1.8770000e+04
   1.8771000e+04
   1.8772000e+04
   1.8773000e+04
   1.8774000e+04
   1.8775000e+04
   1.8776000e+04
   1.8777000e+04
   1.8778000e+04
   1.8779000e+04
   1.8780000e+04
   1.8781000e+04
   1.8782000e+04
   1.8783000e+04
   1.8784000e+04
   1.8785000e+04
   1.8786000e+04
   1.8787000e+04
   1.8788000e+04
   1.8789000e+04
   1.8790000e+04
   1.8791000e+04
   1.8792000e+04
   1.8793000e+04
   1.8794000e+04
   1.8795000e+04
   1.8796000e+04
   1.8797000e+04
   1.8798000e+04
   1.8799000e+04
   1.8800000e+04
   1.8801000e+04
   1.8802000e+04
   1.8803000e+04
   1.8804000e+04
   1.8805000e+04
   1.8806000e+04
   1.8807000e+04
   1.8808000e+04
   1.8809000e+04
   1.8810000e+04
   1.8811000e+04
   1.8812000e+04
   1.8813000e+04
   1.8814000e+04
   1.8815000e+04
   1.8816000e+04
   1.8817000e+04
   1.8818000e+04
   1.8819000e+04
   1.8820000e+04
   1.8821000e+04
   1.8822000e+04
   1.8823000e+04
   1.8824000e+04
   1.8825000e+04
   1.8826000e+04
   1.8827000e+04
   1.8828000e+04
   1.8829000e+04
   1.8830000e+04
   1.8831000e+04
   1.8832000e+04
   1.8833000e+04
   1.8956000e+04
   1.8957000e+04
   1.8958000e+04
   1.8959000e+04
   1.8960000e+04
   1.8961000e+04
   1.8962000e+04
   1.8963000e+04
   1.8964000e+04
   1.8965000e+04
   1.8966000e+04
   1.8967000e+04
   1.8968000e+04
   1.8969000e+04
   1.8970000e+04
   1.8971000e+04
   1.8972000e+04
   1.8973000e+04
   1.8974000e+04
   1.8975000e+04
   1.8976000e+04
   1.8977000e+04
   1.8978000e+04
   1.8979000e+04
   1.8980000e+04
   1.8981000e+04
   1.8982000e+04
   1.8983000e+04
   1.8984000e+04
   1.8985000e+04
   1.8986000e+04
   1.8987000e+04
   1.8988000e+04
   1.8989000e+04
   1.8990000e+04
   1.8991000e+04
   1.8992000e+04
   1.8993000e+04
   1.8994000e+04
   1.8995000e+04
   1.8996000e+04
   1.8997000e+04
   1.8998000e+04
   1.8999000e+04
   1.9000000e+04
   1.9001000e+04
   1.9002000e+04
   1.9003000e+04
   1.9004000e+04
   1.9005000e+04
   1.9006000e+04
   1.9007000e+04
   1.9008000e+04
   1.9009000e+04
   1.9010000e+04
   1.9011000e+04
   1.9012000e+04
   1.9013000e+04
   1.9014000e+04
   1.9015000e+04
   1.9016000e+04
   1.9017000e+04
   1.9018000e+04
   1.9019000e+04
   1.9020000e+04
   1.9021000e+04
   1.9022000e+04
   1.9023000e+04
   1.9024000e+04
   1.9025000e+04
   1.9026000e+04
   1.9027000e+04
   1.9028000e+04
   1.9029000e+04
   1.9030000e+04
   1.9031000e+04
   1.9032000e+04
   1.9033000e+04
   1.9034000e+04
   1.9157000e+04
   1.9158000e+04
   1.9159000e+04
   1.9160000e+04
   1.9161000e+04
   1.9162000e+04
   1.9163000e+04
   1.9164000e+04
   1.9165000e+04
   1.9166000e+04
   1.9167000e+04
   1.9168000e+04
   1.9169000e+04
   1.9170000e+04
   1.9171000e+04
   1.9172000e+04
   1.9173000e+04
   1.9174000e+04
   1.9175000e+04
   1.9176000e+04
   1.9177000e+04
   1.9178000e+04
   1.9179000e+04
   1.9180000e+04
   1.9181000e+04
   1.9182000e+04
   1.9183000e+04
   1.9184000e+04
   1.9185000e+04
   1.9186000e+04
   1.9187000e+04
   1.9188000e+04
   1.9189000e+04
   1.9190000e+04
   1.9191000e+04
   1.9192000e+04
   1.9193000e+04
   1.9194000e+04
   1.9195000e+04
   1.9196000e+04
   1.9197000e+04
   1.9198000e+04
   1.9199000e+04
   1.9200000e+04
   1.9201000e+04
   1.9202000e+04
   1.9203000e+04
   1.9204000e+04
   1.9205000e+04
   1.9206000e+04
   1.9207000e+04
   1.9208000e+04
   1.9209000e+04
   1.9210000e+04
   1.9211000e+04
   1.9212000e+04
   1.9213000e+04
   1.9214000e+04
   1.9215000e+04
   1.9216000e+04
   1.9217000e+04
   1.9218000e+04
   1.9219000e+04
   1.9220000e+04
   1.9221000e+04
   1.9222000e+04
   1.9223000e+04
   1.9224000e+04
   1.9225000e+04
   1.9226000e+04
   1.9227000e+04
   1.9228000e+04
   1.9229000e+04
   1.9230000e+04
   1.9231000e+04
   1.9232000e+04
   1.9233000e+04
   1.9234000e+04
   1.9235000e+04
   1.9358000e+04
   1.9359000e+04
   1.9360000e+04
   1.9361000e+04
   1.9362000e+04
   1.9363000e+04
   1.9364000e+04
   1.9365000e+04
   1.9366000e+04
   1.9367000e+04
   1.9368000e+04
   1.9369000e+04
   1.9370000e+04
   1.9371000e+04
   1.9372000e+04
   1.9373000e+04
   1.9374000e+04
   1.9375000e+04
   1.9376000e+04
   1.9377000e+04
   1.9378000e+04
   1.9379000e+04
   1.9380000e+04
   1.9381000e+04
   1.9382000e+04
   1.9383000e+04
   1.9384000e+04
   1.9385000e+04
   1.9386000e+04
   1.9387000e+04
   1.9388000e+04
   1.9389000e+04
   1.9390000e+04
   1.9391000e+04
   1.9392000e+04
   1.9393000e+04
   1.9394000e+04
   1.9395000e+04
   1.9396000e+04
   1.9397000e+04
   1.9398000e+04
   1.9399000e+04
   1.9400000e+04
   1.9401000e+04
   1.9402000e+04
   1.9403000e+04
   1.9404000e+04
   1.9405000e+04
   1.9406000e+04
   1.9407000e+04
   1.9408000e+04
   1.9409000e+04
   1.9410000e+04
   1.9411000e+04
   1.9412000e+04
   1.9413000e+04
   1.9414000e+04
   1.9415000e+04
   1.9416000e+04
   1.9417000e+04
   1.9418000e+04
   1.9419000e+04
   1.9420000e+04
   1.9421000e+04
   1.9422000e+04
   1.9423000e+04
   1.9424000e+04
   1.9425000e+04
   1.9426000e+04
   1.9427000e+04
   1.9428000e+04
   1.9429000e+04
   1.9430000e+04
   1.9431000e+04
   1.9432000e+04
   1.9433000e+04
   1.9434000e+04
   1.9435000e+04
   1.9436000e+04
   1.9559000e+04
   1.9560000e+04
   1.9561000e+04
   1.9562000e+04
   1.9563000e+04
   1.9564000e+04
   1.9565000e+04
   1.9566000e+04
   1.9567000e+04
   1.9568000e+04
   1.9569000e+04
   1.9570000e+04
   1.9571000e+04
   1.9572000e+04
   1.9573000e+04
   1.9574000e+04
   1.9575000e+04
   1.9576000e+04
   1.9577000e+04
   1.9578000e+04
   1.9579000e+04
   1.9580000e+04
   1.9581000e+04
   1.9582000e+04
   1.9583000e+04
   1.9584000e+04
   1.9585000e+04
   1.9586000e+04
   1.9587000e+04
   1.9588000e+04
   1.9589000e+04
   1.9590000e+04
   1.9591000e+04
   1.9592000e+04
   1.9593000e+04
   1.9594000e+04
   1.9595000e+04
   1.9596000e+04
   1.9597000e+04
   1.9598000e+04
   1.9599000e+04
   1.9600000e+04
   1.9601000e+04
   1.9602000e+04
   1.9603000e+04
   1.9604000e+04
   1.9605000e+04
   1.9606000e+04
   1.9607000e+04
   1.9608000e+04
   1.9609000e+04
   1.9610000e+04
   1.9611000e+04
   1.9612000e+04
   1.9613000e+04
   1.9614000e+04
   1.9615000e+04
   1.9616000e+04
   1.9617000e+04
   1.9618000e+04
   1.9619000e+04
   1.9620000e+04
   1.9621000e+04
   1.9622000e+04
   1.9623000e+04
   1.9624000e+04
   1.9625000e+04
   1.9626000e+04
   1.9627000e+04
   1.9628000e+04
   1.9629000e+04
   1.9630000e+04
   1.9631000e+04
   1.9632000e+04
   1.9633000e+04
   1.9634000e+04
   1.9635000e+04
   1.9636000e+04
   1.9637000e+04
   1.9760000e+04
   1.9761000e+04
   1.9762000e+04
   1.9763000e+04
   1.9764000e+04
   1.9765000e+04
   1.9766000e+04
   1.9767000e+04
   1.9768000e+04
   1.9769000e+04
   1.9770000e+04
   1.9771000e+04
   1.9772000e+04
   1.9773000e+04
   1.9774000e+04
   1.9775000e+04
   1.9776000e+04
   1.9777000e+04
   1.9778000e+04
   1.9779000e+04
   1.9780000e+04
   1.9781000e+04
   1.9782000e+04
   1.9783000e+04
   1.9784000e+04
   1.9785000e+04
   1.9786000e+04
   1.9787000e+04
   1.9788000e+04
   1.9789000e+04
   1.9790000e+04
   1.9791000e+04
   1.9792000e+04
   1.9793000e+04
   1.9794000e+04
   1.9795000e+04
   1.9796000e+04
   1.9797000e+04
   1.9798000e+04
   1.9799000e+04
   1.9800000e+04
   1.9801000e+04
   1.9802000e+04
   1.9803000e+04
   1.9804000e+04
   1.9805000e+04
   1.9806000e+04
   1.9807000e+04
   1.9808000e+04
   1.9809000e+04
   1.9810000e+04
   1.9811000e+04
   1.9812000e+04
   1.9813000e+04
   1.9814000e+04
   1.9815000e+04
   1.9816000e+04
   1.9817000e+04
   1.9818000e+04
   1.9819000e+04
   1.9820000e+04
   1.9821000e+04
   1.9822000e+04
   1.9823000e+04
   1.9824000e+04
   1.9825000e+04
   1.9826000e+04
   1.9827000e+04
   1.9828000e+04
   1.9829000e+04
   1.9830000e+04
   1.9831000e+04
   1.9832000e+04
   1.9833000e+04
   1.9834000e+04
   1.9835000e+04
   1.9836000e+04
   1.9837000e+04
   1.9838000e+04
   1.9961000e+04
   1.9962000e+04
   1.9963000e+04
   1.9964000e+04
   1.9965000e+04
   1.9966000e+04
   1.9967000e+04
   1.9968000e+04
   1.9969000e+04
   1.9970000e+04
   1.9971000e+04
   1.9972000e+04
   1.9973000e+04
   1.9974000e+04
   1.9975000e+04
   1.9976000e+04
   1.9977000e+04
   1.9978000e+04
   1.9979000e+04
   1.9980000e+04
   1.9981000e+04
   1.9982000e+04
   1.9983000e+04
   1.9984000e+04
   1.9985000e+04
   1.9986000e+04
   1.9987000e+04
   1.9988000e+04
   1.9989000e+04
   1.9990000e+04
   1.9991000e+04
   1.9992000e+04
   1.9993000e+04
   1.9994000e+04
   1.9995000e+04
   1.9996000e+04
   1.9997000e+04
   1.9998000e+04
   1.9999000e+04
   2.0000000e+04
   2.0001000e+04
   2.0002000e+04
   2.0003000e+04
   2.0004000e+04
   2.0005000e+04
   2.0006000e+04
   2.0007000e+04
   2.0008000e+04
   2.0009000e+04
   2.0010000e+04
   2.0011000e+04
   2.0012000e+04
   2.0013000e+04
   2.0014000e+04
   2.0015000e+04
   2.0016000e+04
   2.0017000e+04
   2.0018000e+04
   2.0019000e+04
   2.0020000e+04
   2.0021000e+04
   2.0022000e+04
   2.0023000e+04
   2.0024000e+04
   2.0025000e+04
   2.0026000e+04
   2.0027000e+04
   2.0028000e+04
   2.0029000e+04
   2.0030000e+04
   2.0031000e+04
   2.0032000e+04
   2.0033000e+04
   2.0034000e+04
   2.0035000e+04
   2.0036000e+04
   2.0037000e+04
   2.0038000e+04
   2.0039000e+04
   2.0162000e+04
   2.0163000e+04
   2.0164000e+04
   2.0165000e+04
   2.0166000e+04
   2.0167000e+04
   2.0168000e+04
   2.0169000e+04
   2.0170000e+04
   2.0171000e+04
   2.0172000e+04
   2.0173000e+04
   2.0174000e+04
   2.0175000e+04
   2.0176000e+04
   2.0177000e+04
   2.0178000e+04
   2.0179000e+04
   2.0180000e+04
   2.0181000e+04
   2.0182000e+04
   2.0183000e+04
   2.0184000e+04
   2.0185000e+04
   2.0186000e+04
   2.0187000e+04
   2.0188000e+04
   2.0189000e+04
   2.0190000e+04
   2.0191000e+04
   2.0192000e+04
   2.0193000e+04
   2.0194000e+04
   2.0195000e+04
   2.0196000e+04
   2.0197000e+04
   2.0198000e+04
   2.0199000e+04
   2.0200000e+04
   2.0201000e+04
   2.0202000e+04
   2.0203000e+04
   2.0204000e+04
   2.0205000e+04
   2.0206000e+04
   2.0207000e+04
   2.0208000e+04
   2.0209000e+04
   2.0210000e+04
   2.0211000e+04
   2.0212000e+04
   2.0213000e+04
   2.0214000e+04
   2.0215000e+04
   2.0216000e+04
   2.0217000e+04
   2.0218000e+04
   2.0219000e+04
   2.0220000e+04
   2.0221000e+04
   2.0222000e+04
   2.0223000e+04
   2.0224000e+04
   2.0225000e+04
   2.0226000e+04
   2.0227000e+04
   2.0228000e+04
   2.0229000e+04
   2.0230000e+04
   2.0231000e+04
   2.0232000e+04
   2.0233000e+04
   2.0234000e+04
   2.0235000e+04
   2.0236000e+04
   2.0237000e+04
   2.0238000e+04
   2.0239000e+04
   2.0240000e+04
   2.0363000e+04
   2.0364000e+04
   2.0365000e+04
   2.0366000e+04
   2.0367000e+04
   2.0368000e+04
   2.0369000e+04
   2.0370000e+04
   2.0371000e+04
   2.0372000e+04
   2.0373000e+04
   2.0374000e+04
   2.0375000e+04
   2.0376000e+04
   2.0377000e+04
   2.0378000e+04
   2.0379000e+04
   2.0380000e+04
   2.0381000e+04
   2.0382000e+04
   2.0383000e+04
   2.0384000e+04
   2.0385000e+04
   2.0386000e+04
   2.0387000e+04
   2.0388000e+04
   2.0389000e+04
   2.0390000e+04
   2.0391000e+04
   2.0392000e+04
   2.0393000e+04
   2.0394000e+04
   2.0395000e+04
   2.0396000e+04
   2.0397000e+04
   2.0398000e+04
   2.0399000e+04
   2.0400000e+04
   2.0401000e+04
   2.0402000e+04
   2.0403000e+04
   2.0404000e+04
   2.0405000e+04
   2.0406000e+04
   2.0407000e+04
   2.0408000e+04
   2.0409000e+04
   2.0410000e+04
   2.0411000e+04
   2.0412000e+04
   2.0413000e+04
   2.0414000e+04
   2.0415000e+04
   2.0416000e+04
   2.0417000e+04
   2.0418000e+04
   2.0419000e+04
   2.0420000e+04
   2.0421000e+04
   2.0422000e+04
   2.0423000e+04
   2.0424000e+04
   2.0425000e+04
   2.0426000e+04
   2.0427000e+04
   2.0428000e+04
   2.0429000e+04
   2.0430000e+04
   2.0431000e+04
   2.0432000e+04
   2.0433000e+04
   2.0434000e+04
   2.0435000e+04
   2.0436000e+04
   2.0437000e+04
   2.0438000e+04
   2.0439000e+04
   2.0440000e+04
   2.0441000e+04
   2.0564000e+04
   2.0565000e+04
   2.0566000e+04
   2.0567000e+04
   2.0568000e+04
   2.0569000e+04
   2.0570000e+04
   2.0571000e+04
   2.0572000e+04
   2.0573000e+04
   2.0574000e+04
   2.0575000e+04
   2.0576000e+04
   2.0577000e+04
   2.0578000e+04
   2.0579000e+04
   2.0580000e+04
   2.0581000e+04
   2.0582000e+04
   2.0583000e+04
   2.0584000e+04
   2.0585000e+04
   2.0586000e+04
   2.0587000e+04
   2.0588000e+04
   2.0589000e+04
   2.0590000e+04
   2.0591000e+04
   2.0592000e+04
   2.0593000e+04
   2.0594000e+04
   2.0595000e+04
   2.0596000e+04
   2.0597000e+04
   2.0598000e+04
   2.0599000e+04
   2.0600000e+04
   2.0601000e+04
   2.0602000e+04
   2.0603000e+04
   2.0604000e+04
   2.0605000e+04
   2.0606000e+04
   2.0607000e+04
   2.0608000e+04
   2.0609000e+04
   2.0610000e+04
   2.0611000e+04
   2.0612000e+04
   2.0613000e+04
   2.0614000e+04
   2.0615000e+04
   2.0616000e+04
   2.0617000e+04
   2.0618000e+04
   2.0619000e+04
   2.0620000e+04
   2.0621000e+04
   2.0622000e+04
   2.0623000e+04
   2.0624000e+04
   2.0625000e+04
   2.0626000e+04
   2.0627000e+04
   2.0628000e+04
   2.0629000e+04
   2.0630000e+04
   2.0631000e+04
   2.0632000e+04
   2.0633000e+04
   2.0634000e+04
   2.0635000e+04
   2.0636000e+04
   2.0637000e+04
   2.0638000e+04
   2.0639000e+04
   2.0640000e+04
   2.0641000e+04
   2.0642000e+04
   2.0765000e+04
   2.0766000e+04
   2.0767000e+04
   2.0768000e+04
   2.0769000e+04
   2.0770000e+04
   2.0771000e+04
   2.0772000e+04
   2.0773000e+04
   2.0774000e+04
   2.0775000e+04
   2.0776000e+04
   2.0777000e+04
   2.0778000e+04
   2.0779000e+04
   2.0780000e+04
   2.0781000e+04
   2.0782000e+04
   2.0783000e+04
   2.0784000e+04
   2.0785000e+04
   2.0786000e+04
   2.0787000e+04
   2.0788000e+04
   2.0789000e+04
   2.0790000e+04
   2.0791000e+04
   2.0792000e+04
   2.0793000e+04
   2.0794000e+04
   2.0795000e+04
   2.0796000e+04
   2.0797000e+04
   2.0798000e+04
   2.0799000e+04
   2.0800000e+04
   2.0801000e+04
   2.0802000e+04
   2.0803000e+04
   2.0804000e+04
   2.0805000e+04
   2.0806000e+04
   2.0807000e+04
   2.0808000e+04
   2.0809000e+04
   2.0810000e+04
   2.0811000e+04
   2.0812000e+04
   2.0813000e+04
   2.0814000e+04
   2.0815000e+04
   2.0816000e+04
   2.0817000e+04
   2.0818000e+04
   2.0819000e+04
   2.0820000e+04
   2.0821000e+04
   2.0822000e+04
   2.0823000e+04
   2.0824000e+04
   2.0825000e+04
   2.0826000e+04
   2.0827000e+04
   2.0828000e+04
   2.0829000e+04
   2.0830000e+04
   2.0831000e+04
   2.0832000e+04
   2.0833000e+04
   2.0834000e+04
   2.0835000e+04
   2.0836000e+04
   2.0837000e+04
   2.0838000e+04
   2.0839000e+04
   2.0840000e+04
   2.0841000e+04
   2.0842000e+04
   2.0843000e+04
   2.0966000e+04
   2.0967000e+04
   2.0968000e+04
   2.0969000e+04
   2.0970000e+04
   2.0971000e+04
   2.0972000e+04
   2.0973000e+04
   2.0974000e+04
   2.0975000e+04
   2.0976000e+04
   2.0977000e+04
   2.0978000e+04
   2.0979000e+04
   2.0980000e+04
   2.0981000e+04
   2.0982000e+04
   2.0983000e+04
   2.0984000e+04
   2.0985000e+04
   2.0986000e+04
   2.0987000e+04
   2.0988000e+04
   2.0989000e+04
   2.0990000e+04
   2.0991000e+04
   2.0992000e+04
   2.0993000e+04
   2.0994000e+04
   2.0995000e+04
   2.0996000e+04
   2.0997000e+04
   2.0998000e+04
   2.0999000e+04
   2.1000000e+04
   2.1001000e+04
   2.1002000e+04
   2.1003000e+04
   2.1004000e+04
   2.1005000e+04
   2.1006000e+04
   2.1007000e+04
   2.1008000e+04
   2.1009000e+04
   2.1010000e+04
   2.1011000e+04
   2.1012000e+04
   2.1013000e+04
   2.1014000e+04
   2.1015000e+04
   2.1016000e+04
   2.1017000e+04
   2.1018000e+04
   2.1019000e+04
   2.1020000e+04
   2.1021000e+04
   2.1022000e+04
   2.1023000e+04
   2.1024000e+04
   2.1025000e+04
   2.1026000e+04
   2.1027000e+04
   2.1028000e+04
   2.1029000e+04
   2.1030000e+04
   2.1031000e+04
   2.1032000e+04
   2.1033000e+04
   2.1034000e+04
   2.1035000e+04
   2.1036000e+04
   2.1037000e+04
   2.1038000e+04
   2.1039000e+04
   2.1040000e+04
   2.1041000e+04
   2.1042000e+04
   2.1043000e+04
   2.1044000e+04
   2.1167000e+04
   2.1168000e+04
   2.1169000e+04
   2.1170000e+04
   2.1171000e+04
   2.1172000e+04
   2.1173000e+04
   2.1174000e+04
   2.1175000e+04
   2.1176000e+04
   2.1177000e+04
   2.1178000e+04
   2.1179000e+04
   2.1180000e+04
   2.1181000e+04
   2.1182000e+04
   2.1183000e+04
   2.1184000e+04
   2.1185000e+04
   2.1186000e+04
   2.1187000e+04
   2.1188000e+04
   2.1189000e+04
   2.1190000e+04
   2.1191000e+04
   2.1192000e+04
   2.1193000e+04
   2.1194000e+04
   2.1195000e+04
   2.1196000e+04
   2.1197000e+04
   2.1198000e+04
   2.1199000e+04
   2.1200000e+04
   2.1201000e+04
   2.1202000e+04
   2.1203000e+04
   2.1204000e+04
   2.1205000e+04
   2.1206000e+04
   2.1207000e+04
   2.1208000e+04
   2.1209000e+04
   2.1210000e+04
   2.1211000e+04
   2.1212000e+04
   2.1213000e+04
   2.1214000e+04
   2.1215000e+04
   2.1216000e+04
   2.1217000e+04
   2.1218000e+04
   2.1219000e+04
   2.1220000e+04
   2.1221000e+04
   2.1222000e+04
   2.1223000e+04
   2.1224000e+04
   2.1225000e+04
   2.1226000e+04
   2.1227000e+04
   2.1228000e+04
   2.1229000e+04
   2.1230000e+04
   2.1231000e+04
   2.1232000e+04
   2.1233000e+04
   2.1234000e+04
   2.1235000e+04
   2.1236000e+04
   2.1237000e+04
   2.1238000e+04
   2.1239000e+04
   2.1240000e+04
   2.1241000e+04
   2.1242000e+04
   2.1243000e+04
   2.1244000e+04
   2.1245000e+04
   2.1368000e+04
   2.1369000e+04
   2.1370000e+04
   2.1371000e+04
   2.1372000e+04
   2.1373000e+04
   2.1374000e+04
   2.1375000e+04
   2.1376000e+04
   2.1377000e+04
   2.1378000e+04
   2.1379000e+04
   2.1380000e+04
   2.1381000e+04
   2.1382000e+04
   2.1383000e+04
   2.1384000e+04
   2.1385000e+04
   2.1386000e+04
   2.1387000e+04
   2.1388000e+04
   2.1389000e+04
   2.1390000e+04
   2.1391000e+04
   2.1392000e+04
   2.1393000e+04
   2.1394000e+04
   2.1395000e+04
   2.1396000e+04
   2.1397000e+04
   2.1398000e+04
   2.1399000e+04
   2.1400000e+04
   2.1401000e+04
   2.1402000e+04
   2.1403000e+04
   2.1404000e+04
   2.1405000e+04
   2.1406000e+04
   2.1407000e+04
   2.1408000e+04
   2.1409000e+04
   2.1410000e+04
   2.1411000e+04
   2.1412000e+04
   2.1413000e+04
   2.1414000e+04
   2.1415000e+04
   2.1416000e+04
   2.1417000e+04
   2.1418000e+04
   2.1419000e+04
   2.1420000e+04
   2.1421000e+04
   2.1422000e+04
   2.1423000e+04
   2.1424000e+04
   2.1425000e+04
   2.1426000e+04
   2.1427000e+04
   2.1428000e+04
   2.1429000e+04
   2.1430000e+04
   2.1431000e+04
   2.1432000e+04
   2.1433000e+04
   2.1434000e+04
   2.1435000e+04
   2.1436000e+04
   2.1437000e+04
   2.1438000e+04
   2.1439000e+04
   2.1440000e+04
   2.1441000e+04
   2.1442000e+04
   2.1443000e+04
   2.1444000e+04
   2.1445000e+04
   2.1446000e+04
   2.1569000e+04
   2.1570000e+04
   2.1571000e+04
   2.1572000e+04
   2.1573000e+04
   2.1574000e+04
   2.1575000e+04
   2.1576000e+04
   2.1577000e+04
   2.1578000e+04
   2.1579000e+04
   2.1580000e+04
   2.1581000e+04
   2.1582000e+04
   2.1583000e+04
   2.1584000e+04
   2.1585000e+04
   2.1586000e+04
   2.1587000e+04
   2.1588000e+04
   2.1589000e+04
   2.1590000e+04
   2.1591000e+04
   2.1592000e+04
   2.1593000e+04
   2.1594000e+04
   2.1595000e+04
   2.1596000e+04
   2.1597000e+04
   2.1598000e+04
   2.1599000e+04
   2.1600000e+04
   2.1601000e+04
   2.1602000e+04
   2.1603000e+04
   2.1604000e+04
   2.1605000e+04
   2.1606000e+04
   2.1607000e+04
   2.1608000e+04
   2.1609000e+04
   2.1610000e+04
   2.1611000e+04
   2.1612000e+04
   2.1613000e+04
   2.1614000e+04
   2.1615000e+04
   2.1616000e+04
   2.1617000e+04
   2.1618000e+04
   2.1619000e+04
   2.1620000e+04
   2.1621000e+04
   2.1622000e+04
   2.1623000e+04
   2.1624000e+04
   2.1625000e+04
   2.1626000e+04
   2.1627000e+04
   2.1628000e+04
   2.1629000e+04
   2.1630000e+04
   2.1631000e+04
   2.1632000e+04
   2.1633000e+04
   2.1634000e+04
   2.1635000e+04
   2.1636000e+04
   2.1637000e+04
   2.1638000e+04
   2.1639000e+04
   2.1640000e+04
   2.1641000e+04
   2.1642000e+04
   2.1643000e+04
   2.1644000e+04
   2.1645000e+04
   2.1646000e+04
   2.1647000e+04
   2.1770000e+04
   2.1771000e+04
   2.1772000e+04
   2.1773000e+04
   2.1774000e+04
   2.1775000e+04
   2.1776000e+04
   2.1777000e+04
   2.1778000e+04
   2.1779000e+04
   2.1780000e+04
   2.1781000e+04
   2.1782000e+04
   2.1783000e+04
   2.1784000e+04
   2.1785000e+04
   2.1786000e+04
   2.1787000e+04
   2.1788000e+04
   2.1789000e+04
   2.1790000e+04
   2.1791000e+04
   2.1792000e+04
   2.1793000e+04
   2.1794000e+04
   2.1795000e+04
   2.1796000e+04
   2.1797000e+04
   2.1798000e+04
   2.1799000e+04
   2.1800000e+04
   2.1801000e+04
   2.1802000e+04
   2.1803000e+04
   2.1804000e+04
   2.1805000e+04
   2.1806000e+04
   2.1807000e+04
   2.1808000e+04
   2.1809000e+04
   2.1810000e+04
   2.1811000e+04
   2.1812000e+04
   2.1813000e+04
   2.1814000e+04
   2.1815000e+04
   2.1816000e+04
   2.1817000e+04
   2.1818000e+04
   2.1819000e+04
   2.1820000e+04
   2.1821000e+04
   2.1822000e+04
   2.1823000e+04
   2.1824000e+04
   2.1825000e+04
   2.1826000e+04
   2.1827000e+04
   2.1828000e+04
   2.1829000e+04
   2.1830000e+04
   2.1831000e+04
   2.1832000e+04
   2.1833000e+04
   2.1834000e+04
   2.1835000e+04
   2.1836000e+04
   2.1837000e+04
   2.1838000e+04
   2.1839000e+04
   2.1840000e+04
   2.1841000e+04
   2.1842000e+04
   2.1843000e+04
   2.1844000e+04
   2.1845000e+04
   2.1846000e+04
   2.1847000e+04
   2.1848000e+04
   2.1972000e+04
   2.1973000e+04
   2.1974000e+04
   2.1975000e+04
   2.1976000e+04
   2.1977000e+04
   2.1978000e+04
   2.1979000e+04
   2.1980000e+04
   2.1981000e+04
   2.1982000e+04
   2.1983000e+04
   2.1984000e+04
   2.1985000e+04
   2.1986000e+04
   2.1987000e+04
   2.1988000e+04
   2.1989000e+04
   2.1990000e+04
   2.1991000e+04
   2.1992000e+04
   2.1993000e+04
   2.1994000e+04
   2.1995000e+04
   2.1996000e+04
   2.1997000e+04
   2.1998000e+04
   2.1999000e+04
   2.2000000e+04
   2.2001000e+04
   2.2002000e+04
   2.2003000e+04
   2.2004000e+04
   2.2005000e+04
   2.2006000e+04
   2.2007000e+04
   2.2008000e+04
   2.2009000e+04
   2.2010000e+04
   2.2011000e+04
   2.2012000e+04
   2.2013000e+04
   2.2014000e+04
   2.2015000e+04
   2.2016000e+04
   2.2017000e+04
   2.2018000e+04
   2.2019000e+04
   2.2020000e+04
   2.2021000e+04
   2.2022000e+04
   2.2023000e+04
   2.2024000e+04
   2.2025000e+04
   2.2026000e+04
   2.2027000e+04
   2.2028000e+04
   2.2029000e+04
   2.2030000e+04
   2.2031000e+04
   2.2032000e+04
   2.2033000e+04
   2.2034000e+04
   2.2035000e+04
   2.2036000e+04
   2.2037000e+04
   2.2038000e+04
   2.2039000e+04
   2.2040000e+04
   2.2041000e+04
   2.2042000e+04
   2.2043000e+04
   2.2044000e+04
   2.2045000e+04
   2.2046000e+04
   2.2047000e+04
   2.2048000e+04
   2.2173000e+04
   2.2174000e+04
   2.2175000e+04
   2.2176000e+04
   2.2177000e+04
   2.2178000e+04
   2.2179000e+04
   2.2180000e+04
   2.2181000e+04
   2.2182000e+04
   2.2183000e+04
   2.2184000e+04
   2.2185000e+04
   2.2186000e+04
   2.2187000e+04
   2.2188000e+04
   2.2189000e+04
   2.2190000e+04
   2.2191000e+04
   2.2192000e+04
   2.2193000e+04
   2.2194000e+04
   2.2195000e+04
   2.2196000e+04
   2.2197000e+04
   2.2198000e+04
   2.2199000e+04
   2.2200000e+04
   2.2201000e+04
   2.2202000e+04
   2.2203000e+04
   2.2204000e+04
   2.2205000e+04
   2.2206000e+04
   2.2207000e+04
   2.2208000e+04
   2.2209000e+04
   2.2210000e+04
   2.2211000e+04
   2.2212000e+04
   2.2213000e+04
   2.2214000e+04
   2.2215000e+04
   2.2216000e+04
   2.2217000e+04
   2.2218000e+04
   2.2219000e+04
   2.2220000e+04
   2.2221000e+04
   2.2222000e+04
   2.2223000e+04
   2.2224000e+04
   2.2225000e+04
   2.2226000e+04
   2.2227000e+04
   2.2228000e+04
   2.2229000e+04
   2.2230000e+04
   2.2231000e+04
   2.2232000e+04
   2.2233000e+04
   2.2234000e+04
   2.2235000e+04
   2.2236000e+04
   2.2237000e+04
   2.2238000e+04
   2.2239000e+04
   2.2240000e+04
   2.2241000e+04
   2.2242000e+04
   2.2243000e+04
   2.2244000e+04
   2.2245000e+04
   2.2246000e+04
   2.2247000e+04
   2.2248000e+04
   2.2249000e+04
   2.2374000e+04
   2.2375000e+04
   2.2376000e+04
   2.2377000e+04
   2.2378000e+04
   2.2379000e+04
   2.2380000e+04
   2.2381000e+04
   2.2382000e+04
   2.2383000e+04
   2.2384000e+04
   2.2385000e+04
   2.2386000e+04
   2.2387000e+04
   2.2388000e+04
   2.2389000e+04
   2.2390000e+04
   2.2391000e+04
   2.2392000e+04
   2.2393000e+04
   2.2394000e+04
   2.2395000e+04
   2.2396000e+04
   2.2397000e+04
   2.2398000e+04
   2.2399000e+04
   2.2400000e+04
   2.2401000e+04
   2.2402000e+04
   2.2403000e+04
   2.2404000e+04
   2.2405000e+04
   2.2406000e+04
   2.2407000e+04
   2.2408000e+04
   2.2409000e+04
   2.2410000e+04
   2.2411000e+04
   2.2412000e+04
   2.2413000e+04
   2.2414000e+04
   2.2415000e+04
   2.2416000e+04
   2.2417000e+04
   2.2418000e+04
   2.2419000e+04
   2.2420000e+04
   2.2421000e+04
   2.2422000e+04
   2.2423000e+04
   2.2424000e+04
   2.2425000e+04
   2.2426000e+04
   2.2427000e+04
   2.2428000e+04
   2.2429000e+04
   2.2430000e+04
   2.2431000e+04
   2.2432000e+04
   2.2433000e+04
   2.2434000e+04
   2.2435000e+04
   2.2436000e+04
   2.2437000e+04
   2.2438000e+04
   2.2439000e+04
   2.2440000e+04
   2.2441000e+04
   2.2442000e+04
   2.2443000e+04
   2.2444000e+04
   2.2445000e+04
   2.2446000e+04
   2.2447000e+04
   2.2448000e+04
   2.2449000e+04
   2.2450000e+04
   2.2575000e+04
   2.2576000e+04
   2.2577000e+04
   2.2578000e+04
   2.2579000e+04
   2.2580000e+04
   2.2581000e+04
   2.2582000e+04
   2.2583000e+04
   2.2584000e+04
   2.2585000e+04
   2.2586000e+04
   2.2587000e+04
   2.2588000e+04
   2.2589000e+04
   2.2590000e+04
   2.2591000e+04
   2.2592000e+04
   2.2593000e+04
   2.2594000e+04
   2.2595000e+04
   2.2596000e+04
   2.2597000e+04
   2.2598000e+04
   2.2599000e+04
   2.2600000e+04
   2.2601000e+04
   2.2602000e+04
   2.2603000e+04
   2.2604000e+04
   2.2605000e+04
   2.2606000e+04
   2.2607000e+04
   2.2608000e+04
   2.2609000e+04
   2.2610000e+04
   2.2611000e+04
   2.2612000e+04
   2.2613000e+04
   2.2614000e+04
   2.2615000e+04
   2.2616000e+04
   2.2617000e+04
   2.2618000e+04
   2.2619000e+04
   2.2620000e+04
   2.2621000e+04
   2.2622000e+04
   2.2623000e+04
   2.2624000e+04
   2.2625000e+04
   2.2626000e+04
   2.2627000e+04
   2.2628000e+04
   2.2629000e+04
   2.2630000e+04
   2.2631000e+04
   2.2632000e+04
   2.2633000e+04
   2.2634000e+04
   2.2635000e+04
   2.2636000e+04
   2.2637000e+04
   2.2638000e+04
   2.2639000e+04
   2.2640000e+04
   2.2641000e+04
   2.2642000e+04
   2.2643000e+04
   2.2644000e+04
   2.2645000e+04
   2.2646000e+04
   2.2647000e+04
   2.2648000e+04
   2.2649000e+04
   2.2650000e+04
   2.2651000e+04
   2.2777000e+04
   2.2778000e+04
   2.2779000e+04
   2.2780000e+04
   2.2781000e+04
   2.2782000e+04
   2.2783000e+04
   2.2784000e+04
   2.2785000e+04
   2.2786000e+04
   2.2787000e+04
   2.2788000e+04
   2.2789000e+04
   2.2790000e+04
   2.2791000e+04
   2.2792000e+04
   2.2793000e+04
   2.2794000e+04
   2.2795000e+04
   2.2796000e+04
   2.2797000e+04
   2.2798000e+04
   2.2799000e+04
   2.2800000e+04
   2.2801000e+04
   2.2802000e+04
   2.2803000e+04
   2.2804000e+04
   2.2805000e+04
   2.2806000e+04
   2.2807000e+04
   2.2808000e+04
   2.2809000e+04
   2.2810000e+04
   2.2811000e+04
   2.2812000e+04
   2.2813000e+04
   2.2814000e+04
   2.2815000e+04
   2.2816000e+04
   2.2817000e+04
   2.2818000e+04
   2.2819000e+04
   2.2820000e+04
   2.2821000e+04
   2.2822000e+04
   2.2823000e+04
   2.2824000e+04
   2.2825000e+04
   2.2826000e+04
   2.2827000e+04
   2.2828000e+04
   2.2829000e+04
   2.2830000e+04
   2.2831000e+04
   2.2832000e+04
   2.2833000e+04
   2.2834000e+04
   2.2835000e+04
   2.2836000e+04
   2.2837000e+04
   2.2838000e+04
   2.2839000e+04
   2.2840000e+04
   2.2841000e+04
   2.2842000e+04
   2.2843000e+04
   2.2844000e+04
   2.2845000e+04
   2.2846000e+04
   2.2847000e+04
   2.2848000e+04
   2.2849000e+04
   2.2850000e+04
   2.2851000e+04
   2.2978000e+04
   2.2979000e+04
   2.2980000e+04
   2.2981000e+04
   2.2982000e+04
   2.2983000e+04
   2.2984000e+04
   2.2985000e+04
   2.2986000e+04
   2.2987000e+04
   2.2988000e+04
   2.2989000e+04
   2.2990000e+04
   2.2991000e+04
   2.2992000e+04
   2.2993000e+04
   2.2994000e+04
   2.2995000e+04
   2.2996000e+04
   2.2997000e+04
   2.2998000e+04
   2.2999000e+04
   2.3000000e+04
   2.3001000e+04
   2.3002000e+04
   2.3003000e+04
   2.3004000e+04
   2.3005000e+04
   2.3006000e+04
   2.3007000e+04
   2.3008000e+04
   2.3009000e+04
   2.3010000e+04
   2.3011000e+04
   2.3012000e+04
   2.3013000e+04
   2.3014000e+04
   2.3015000e+04
   2.3016000e+04
   2.3017000e+04
   2.3018000e+04
   2.3019000e+04
   2.3020000e+04
   2.3021000e+04
   2.3022000e+04
   2.3023000e+04
   2.3024000e+04
   2.3025000e+04
   2.3026000e+04
   2.3027000e+04
   2.3028000e+04
   2.3029000e+04
   2.3030000e+04
   2.3031000e+04
   2.3032000e+04
   2.3033000e+04
   2.3034000e+04
   2.3035000e+04
   2.3036000e+04
   2.3037000e+04
   2.3038000e+04
   2.3039000e+04
   2.3040000e+04
   2.3041000e+04
   2.3042000e+04
   2.3043000e+04
   2.3044000e+04
   2.3045000e+04
   2.3046000e+04
   2.3047000e+04
   2.3048000e+04
   2.3049000e+04
   2.3050000e+04
   2.3051000e+04
   2.3052000e+04
   2.3179000e+04
   2.3180000e+04
   2.3181000e+04
   2.3182000e+04
   2.3183000e+04
   2.3184000e+04
   2.3185000e+04
   2.3186000e+04
   2.3187000e+04
   2.3188000e+04
   2.3189000e+04
   2.3190000e+04
   2.3191000e+04
   2.3192000e+04
   2.3193000e+04
   2.3194000e+04
   2.3195000e+04
   2.3196000e+04
   2.3197000e+04
   2.3198000e+04
   2.3199000e+04
   2.3200000e+04
   2.3201000e+04
   2.3202000e+04
   2.3203000e+04
   2.3204000e+04
   2.3205000e+04
   2.3206000e+04
   2.3207000e+04
   2.3208000e+04
   2.3209000e+04
   2.3210000e+04
   2.3211000e+04
   2.3212000e+04
   2.3213000e+04
   2.3214000e+04
   2.3215000e+04
   2.3216000e+04
   2.3217000e+04
   2.3218000e+04
   2.3219000e+04
   2.3220000e+04
   2.3221000e+04
   2.3222000e+04
   2.3223000e+04
   2.3224000e+04
   2.3225000e+04
   2.3226000e+04
   2.3227000e+04
   2.3228000e+04
   2.3229000e+04
   2.3230000e+04
   2.3231000e+04
   2.3232000e+04
   2.3233000e+04
   2.3234000e+04
   2.3235000e+04
   2.3236000e+04
   2.3237000e+04
   2.3238000e+04
   2.3239000e+04
   2.3240000e+04
   2.3241000e+04
   2.3242000e+04
   2.3243000e+04
   2.3244000e+04
   2.3245000e+04
   2.3246000e+04
   2.3247000e+04
   2.3248000e+04
   2.3249000e+04
   2.3250000e+04
   2.3251000e+04
   2.3252000e+04
   2.3253000e+04
   2.3381000e+04
   2.3382000e+04
   2.3383000e+04
   2.3384000e+04
   2.3385000e+04
   2.3386000e+04
   2.3387000e+04
   2.3388000e+04
   2.3389000e+04
   2.3390000e+04
   2.3391000e+04
   2.3392000e+04
   2.3393000e+04
   2.3394000e+04
   2.3395000e+04
   2.3396000e+04
   2.3397000e+04
   2.3398000e+04
   2.3399000e+04
   2.3400000e+04
   2.3401000e+04
   2.3402000e+04
   2.3403000e+04
   2.3404000e+04
   2.3405000e+04
   2.3406000e+04
   2.3407000e+04
   2.3408000e+04
   2.3409000e+04
   2.3410000e+04
   2.3411000e+04
   2.3412000e+04
   2.3413000e+04
   2.3414000e+04
   2.3415000e+04
   2.3416000e+04
   2.3417000e+04
   2.3418000e+04
   2.3419000e+04
   2.3420000e+04
   2.3421000e+04
   2.3422000e+04
   2.3423000e+04
   2.3424000e+04
   2.3425000e+04
   2.3426000e+04
   2.3427000e+04
   2.3428000e+04
   2.3429000e+04
   2.3430000e+04
   2.3431000e+04
   2.3432000e+04
   2.3433000e+04
   2.3434000e+04
   2.3435000e+04
   2.3436000e+04
   2.3437000e+04
   2.3438000e+04
   2.3439000e+04
   2.3440000e+04
   2.3441000e+04
   2.3442000e+04
   2.3443000e+04
   2.3444000e+04
   2.3445000e+04
   2.3446000e+04
   2.3447000e+04
   2.3448000e+04
   2.3449000e+04
   2.3450000e+04
   2.3451000e+04
   2.3452000e+04
   2.3453000e+04
   2.3582000e+04
   2.3583000e+04
   2.3584000e+04
   2.3585000e+04
   2.3586000e+04
   2.3587000e+04
   2.3588000e+04
   2.3589000e+04
   2.3590000e+04
   2.3591000e+04
   2.3592000e+04
   2.3593000e+04
   2.3594000e+04
   2.3595000e+04
   2.3596000e+04
   2.3597000e+04
   2.3598000e+04
   2.3599000e+04
   2.3600000e+04
   2.3601000e+04
   2.3602000e+04
   2.3603000e+04
   2.3604000e+04
   2.3605000e+04
   2.3606000e+04
   2.3607000e+04
   2.3608000e+04
   2.3609000e+04
   2.3610000e+04
   2.3611000e+04
   2.3612000e+04
   2.3613000e+04
   2.3614000e+04
   2.3615000e+04
   2.3616000e+04
   2.3617000e+04
   2.3618000e+04
   2.3619000e+04
   2.3620000e+04
   2.3621000e+04
   2.3622000e+04
   2.3623000e+04
   2.3624000e+04
   2.3625000e+04
   2.3626000e+04
   2.3627000e+04
   2.3628000e+04
   2.3629000e+04
   2.3630000e+04
   2.3631000e+04
   2.3632000e+04
   2.3633000e+04
   2.3634000e+04
   2.3635000e+04
   2.3636000e+04
   2.3637000e+04
   2.3638000e+04
   2.3639000e+04
   2.3640000e+04
   2.3641000e+04
   2.3642000e+04
   2.3643000e+04
   2.3644000e+04
   2.3645000e+04
   2.3646000e+04
   2.3647000e+04
   2.3648000e+04
   2.3649000e+04
   2.3650000e+04
   2.3651000e+04
   2.3652000e+04
   2.3653000e+04
   2.3654000e+04
   2.3784000e+04
   2.3785000e+04
   2.3786000e+04
   2.3787000e+04
   2.3788000e+04
   2.3789000e+04
   2.3790000e+04
   2.3791000e+04
   2.3792000e+04
   2.3793000e+04
   2.3794000e+04
   2.3795000e+04
   2.3796000e+04
   2.3797000e+04
   2.3798000e+04
   2.3799000e+04
   2.3800000e+04
   2.3801000e+04
   2.3802000e+04
   2.3803000e+04
   2.3804000e+04
   2.3805000e+04
   2.3806000e+04
   2.3807000e+04
   2.3808000e+04
   2.3809000e+04
   2.3810000e+04
   2.3811000e+04
   2.3812000e+04
   2.3813000e+04
   2.3814000e+04
   2.3815000e+04
   2.3816000e+04
   2.3817000e+04
   2.3818000e+04
   2.3819000e+04
   2.3820000e+04
   2.3821000e+04
   2.3822000e+04
   2.3823000e+04
   2.3824000e+04
   2.3825000e+04
   2.3826000e+04
   2.3827000e+04
   2.3828000e+04
   2.3829000e+04
   2.3830000e+04
   2.3831000e+04
   2.3832000e+04
   2.3833000e+04
   2.3834000e+04
   2.3835000e+04
   2.3836000e+04
   2.3837000e+04
   2.3838000e+04
   2.3839000e+04
   2.3840000e+04
   2.3841000e+04
   2.3842000e+04
   2.3843000e+04
   2.3844000e+04
   2.3845000e+04
   2.3846000e+04
   2.3847000e+04
   2.3848000e+04
   2.3849000e+04
   2.3850000e+04
   2.3851000e+04
   2.3852000e+04
   2.3853000e+04
   2.3854000e+04
   2.3985000e+04
   2.3986000e+04
   2.3987000e+04
   2.3988000e+04
   2.3989000e+04
   2.3990000e+04
   2.3991000e+04
   2.3992000e+04
   2.3993000e+04
   2.3994000e+04
   2.3995000e+04
   2.3996000e+04
   2.3997000e+04
   2.3998000e+04
   2.3999000e+04
   2.4000000e+04
   2.4001000e+04
   2.4002000e+04
   2.4003000e+04
   2.4004000e+04
   2.4005000e+04
   2.4006000e+04
   2.4007000e+04
   2.4008000e+04
   2.4009000e+04
   2.4010000e+04
   2.4011000e+04
   2.4012000e+04
   2.4013000e+04
   2.4014000e+04
   2.4015000e+04
   2.4016000e+04
   2.4017000e+04
   2.4018000e+04
   2.4019000e+04
   2.4020000e+04
   2.4021000e+04
   2.4022000e+04
   2.4023000e+04
   2.4024000e+04
   2.4025000e+04
   2.4026000e+04
   2.4027000e+04
   2.4028000e+04
   2.4029000e+04
   2.4030000e+04
   2.4031000e+04
   2.4032000e+04
   2.4033000e+04
   2.4034000e+04
   2.4035000e+04
   2.4036000e+04
   2.4037000e+04
   2.4038000e+04
   2.4039000e+04
   2.4040000e+04
   2.4041000e+04
   2.4042000e+04
   2.4043000e+04
   2.4044000e+04
   2.4045000e+04
   2.4046000e+04
   2.4047000e+04
   2.4048000e+04
   2.4049000e+04
   2.4050000e+04
   2.4051000e+04
   2.4052000e+04
   2.4053000e+04
   2.4054000e+04
   2.4055000e+04
   2.4187000e+04
   2.4188000e+04
   2.4189000e+04
   2.4190000e+04
   2.4191000e+04
   2.4192000e+04
   2.4193000e+04
   2.4194000e+04
   2.4195000e+04
   2.4196000e+04
   2.4197000e+04
   2.4198000e+04
   2.4199000e+04
   2.4200000e+04
   2.4201000e+04
   2.4202000e+04
   2.4203000e+04
   2.4204000e+04
   2.4205000e+04
   2.4206000e+04
   2.4207000e+04
   2.4208000e+04
   2.4209000e+04
   2.4210000e+04
   2.4211000e+04
   2.4212000e+04
   2.4213000e+04
   2.4214000e+04
   2.4215000e+04
   2.4216000e+04
   2.4217000e+04
   2.4218000e+04
   2.4219000e+04
   2.4220000e+04
   2.4221000e+04
   2.4222000e+04
   2.4223000e+04
   2.4224000e+04
   2.4225000e+04
   2.4226000e+04
   2.4227000e+04
   2.4228000e+04
   2.4229000e+04
   2.4230000e+04
   2.4231000e+04
   2.4232000e+04
   2.4233000e+04
   2.4234000e+04
   2.4235000e+04
   2.4236000e+04
   2.4237000e+04
   2.4238000e+04
   2.4239000e+04
   2.4240000e+04
   2.4241000e+04
   2.4242000e+04
   2.4243000e+04
   2.4244000e+04
   2.4245000e+04
   2.4246000e+04
   2.4247000e+04
   2.4248000e+04
   2.4249000e+04
   2.4250000e+04
   2.4251000e+04
   2.4252000e+04
   2.4253000e+04
   2.4254000e+04
   2.4255000e+04
   2.4388000e+04
   2.4389000e+04
   2.4390000e+04
   2.4391000e+04
   2.4392000e+04
   2.4393000e+04
   2.4394000e+04
   2.4395000e+04
   2.4396000e+04
   2.4397000e+04
   2.4398000e+04
   2.4399000e+04
   2.4400000e+04
   2.4401000e+04
   2.4402000e+04
   2.4403000e+04
   2.4404000e+04
   2.4405000e+04
   2.4406000e+04
   2.4407000e+04
   2.4408000e+04
   2.4409000e+04
   2.4410000e+04
   2.4411000e+04
   2.4412000e+04
   2.4413000e+04
   2.4414000e+04
   2.4415000e+04
   2.4416000e+04
   2.4417000e+04
   2.4418000e+04
   2.4419000e+04
   2.4420000e+04
   2.4421000e+04
   2.4422000e+04
   2.4423000e+04
   2.4424000e+04
   2.4425000e+04
   2.4426000e+04
   2.4427000e+04
   2.4428000e+04
   2.4429000e+04
   2.4430000e+04
   2.4431000e+04
   2.4432000e+04
   2.4433000e+04
   2.4434000e+04
   2.4435000e+04
   2.4436000e+04
   2.4437000e+04
   2.4438000e+04
   2.4439000e+04
   2.4440000e+04
   2.4441000e+04
   2.4442000e+04
   2.4443000e+04
   2.4444000e+04
   2.4445000e+04
   2.4446000e+04
   2.4447000e+04
   2.4448000e+04
   2.4449000e+04
   2.4450000e+04
   2.4451000e+04
   2.4452000e+04
   2.4453000e+04
   2.4454000e+04
   2.4455000e+04
   2.4456000e+04
   2.4590000e+04
   2.4591000e+04
   2.4592000e+04
   2.4593000e+04
   2.4594000e+04
   2.4595000e+04
   2.4596000e+04
   2.4597000e+04
   2.4598000e+04
   2.4599000e+04
   2.4600000e+04
   2.4601000e+04
   2.4602000e+04
   2.4603000e+04
   2.4604000e+04
   2.4605000e+04
   2.4606000e+04
   2.4607000e+04
   2.4608000e+04
   2.4609000e+04
   2.4610000e+04
   2.4611000e+04
   2.4612000e+04
   2.4613000e+04
   2.4614000e+04
   2.4615000e+04
   2.4616000e+04
   2.4617000e+04
   2.4618000e+04
   2.4619000e+04
   2.4620000e+04
   2.4621000e+04
   2.4622000e+04
   2.4623000e+04
   2.4624000e+04
   2.4625000e+04
   2.4626000e+04
   2.4627000e+04
   2.4628000e+04
   2.4629000e+04
   2.4630000e+04
   2.4631000e+04
   2.4632000e+04
   2.4633000e+04
   2.4634000e+04
   2.4635000e+04
   2.4636000e+04
   2.4637000e+04
   2.4638000e+04
   2.4639000e+04
   2.4640000e+04
   2.4641000e+04
   2.4642000e+04
   2.4643000e+04
   2.4644000e+04
   2.4645000e+04
   2.4646000e+04
   2.4647000e+04
   2.4648000e+04
   2.4649000e+04
   2.4650000e+04
   2.4651000e+04
   2.4652000e+04
   2.4653000e+04
   2.4654000e+04
   2.4655000e+04
   2.4656000e+04
   2.4792000e+04
   2.4793000e+04
   2.4794000e+04
   2.4795000e+04
   2.4796000e+04
   2.4797000e+04
   2.4798000e+04
   2.4799000e+04
   2.4800000e+04
   2.4801000e+04
   2.4802000e+04
   2.4803000e+04
   2.4804000e+04
   2.4805000e+04
   2.4806000e+04
   2.4807000e+04
   2.4808000e+04
   2.4809000e+04
   2.4810000e+04
   2.4811000e+04
   2.4812000e+04
   2.4813000e+04
   2.4814000e+04
   2.4815000e+04
   2.4816000e+04
   2.4817000e+04
   2.4818000e+04
   2.4819000e+04
   2.4820000e+04
   2.4821000e+04
   2.4822000e+04
   2.4823000e+04
   2.4824000e+04
   2.4825000e+04
   2.4826000e+04
   2.4827000e+04
   2.4828000e+04
   2.4829000e+04
   2.4830000e+04
   2.4831000e+04
   2.4832000e+04
   2.4833000e+04
   2.4834000e+04
   2.4835000e+04
   2.4836000e+04
   2.4837000e+04
   2.4838000e+04
   2.4839000e+04
   2.4840000e+04
   2.4841000e+04
   2.4842000e+04
   2.4843000e+04
   2.4844000e+04
   2.4845000e+04
   2.4846000e+04
   2.4847000e+04
   2.4848000e+04
   2.4849000e+04
   2.4850000e+04
   2.4851000e+04
   2.4852000e+04
   2.4853000e+04
   2.4854000e+04
   2.4855000e+04
   2.4856000e+04
   2.4994000e+04
   2.4995000e+04
   2.4996000e+04
   2.4997000e+04
   2.4998000e+04
   2.4999000e+04
   2.5000000e+04
   2.5001000e+04
   2.5002000e+04
   2.5003000e+04
   2.5004000e+04
   2.5005000e+04
   2.5006000e+04
   2.5007000e+04
   2.5008000e+04
   2.5009000e+04
   2.5010000e+04
   2.5011000e+04
   2.5012000e+04
   2.5013000e+04
   2.5014000e+04
   2.5015000e+04
   2.5016000e+04
   2.5017000e+04
   2.5018000e+04
   2.5019000e+04
   2.5020000e+04
   2.5021000e+04
   2.5022000e+04
   2.5023000e+04
   2.5024000e+04
   2.5025000e+04
   2.5026000e+04
   2.5027000e+04
   2.5028000e+04
   2.5029000e+04
   2.5030000e+04
   2.5031000e+04
   2.5032000e+04
   2.5033000e+04
   2.5034000e+04
   2.5035000e+04
   2.5036000e+04
   2.5037000e+04
   2.5038000e+04
   2.5039000e+04
   2.5040000e+04
   2.5041000e+04
   2.5042000e+04
   2.5043000e+04
   2.5044000e+04
   2.5045000e+04
   2.5046000e+04
   2.5047000e+04
   2.5048000e+04
   2.5049000e+04
   2.5050000e+04
   2.5051000e+04
   2.5052000e+04
   2.5053000e+04
   2.5054000e+04
   2.5055000e+04
   2.5056000e+04
   2.5195000e+04
   2.5196000e+04
   2.5197000e+04
   2.5198000e+04
   2.5199000e+04
   2.5200000e+04
   2.5201000e+04
   2.5202000e+04
   2.5203000e+04
   2.5204000e+04
   2.5205000e+04
   2.5206000e+04
   2.5207000e+04
   2.5208000e+04
   2.5209000e+04
   2.5210000e+04
   2.5211000e+04
   2.5212000e+04
   2.5213000e+04
   2.5214000e+04
   2.5215000e+04
   2.5216000e+04
   2.5217000e+04
   2.5218000e+04
   2.5219000e+04
   2.5220000e+04
   2.5221000e+04
   2.5222000e+04
   2.5223000e+04
   2.5224000e+04
   2.5225000e+04
   2.5226000e+04
   2.5227000e+04
   2.5228000e+04
   2.5229000e+04
   2.5230000e+04
   2.5231000e+04
   2.5232000e+04
   2.5233000e+04
   2.5234000e+04
   2.5235000e+04
   2.5236000e+04
   2.5237000e+04
   2.5238000e+04
   2.5239000e+04
   2.5240000e+04
   2.5241000e+04
   2.5242000e+04
   2.5243000e+04
   2.5244000e+04
   2.5245000e+04
   2.5246000e+04
   2.5247000e+04
   2.5248000e+04
   2.5249000e+04
   2.5250000e+04
   2.5251000e+04
   2.5252000e+04
   2.5253000e+04
   2.5254000e+04
   2.5255000e+04
   2.5256000e+04
   2.5257000e+04
   2.5397000e+04
   2.5398000e+04
   2.5399000e+04
   2.5400000e+04
   2.5401000e+04
   2.5402000e+04
   2.5403000e+04
   2.5404000e+04
   2.5405000e+04
   2.5406000e+04
   2.5407000e+04
   2.5408000e+04
   2.5409000e+04
   2.5410000e+04
   2.5411000e+04
   2.5412000e+04
   2.5413000e+04
   2.5414000e+04
   2.5415000e+04
   2.5416000e+04
   2.5417000e+04
   2.5418000e+04
   2.5419000e+04
   2.5420000e+04
   2.5421000e+04
   2.5422000e+04
   2.5423000e+04
   2.5424000e+04
   2.5425000e+04
   2.5426000e+04
   2.5427000e+04
   2.5428000e+04
   2.5429000e+04
   2.5430000e+04
   2.5431000e+04
   2.5432000e+04
   2.5433000e+04
   2.5434000e+04
   2.5435000e+04
   2.5436000e+04
   2.5437000e+04
   2.5438000e+04
   2.5439000e+04
   2.5440000e+04
   2.5441000e+04
   2.5442000e+04
   2.5443000e+04
   2.5444000e+04
   2.5445000e+04
   2.5446000e+04
   2.5447000e+04
   2.5448000e+04
   2.5449000e+04
   2.5450000e+04
   2.5451000e+04
   2.5452000e+04
   2.5453000e+04
   2.5454000e+04
   2.5455000e+04
   2.5456000e+04
   2.5457000e+04
   2.5599000e+04
   2.5600000e+04
   2.5601000e+04
   2.5602000e+04
   2.5603000e+04
   2.5604000e+04
   2.5605000e+04
   2.5606000e+04
   2.5607000e+04
   2.5608000e+04
   2.5609000e+04
   2.5610000e+04
   2.5611000e+04
   2.5612000e+04
   2.5613000e+04
   2.5614000e+04
   2.5615000e+04
   2.5616000e+04
   2.5617000e+04
   2.5618000e+04
   2.5619000e+04
   2.5620000e+04
   2.5621000e+04
   2.5622000e+04
   2.5623000e+04
   2.5624000e+04
   2.5625000e+04
   2.5626000e+04
   2.5627000e+04
   2.5628000e+04
   2.5629000e+04
   2.5630000e+04
   2.5631000e+04
   2.5632000e+04
   2.5633000e+04
   2.5634000e+04
   2.5635000e+04
   2.5636000e+04
   2.5637000e+04
   2.5638000e+04
   2.5639000e+04
   2.5640000e+04
   2.5641000e+04
   2.5642000e+04
   2.5643000e+04
   2.5644000e+04
   2.5645000e+04
   2.5646000e+04
   2.5647000e+04
   2.5648000e+04
   2.5649000e+04
   2.5650000e+04
   2.5651000e+04
   2.5652000e+04
   2.5653000e+04
   2.5654000e+04
   2.5655000e+04
   2.5656000e+04
   2.5657000e+04
   2.5801000e+04
   2.5802000e+04
   2.5803000e+04
   2.5804000e+04
   2.5805000e+04
   2.5806000e+04
   2.5807000e+04
   2.5808000e+04
   2.5809000e+04
   2.5810000e+04
   2.5811000e+04
   2.5812000e+04
   2.5813000e+04
   2.5814000e+04
   2.5815000e+04
   2.5816000e+04
   2.5817000e+04
   2.5818000e+04
   2.5819000e+04
   2.5820000e+04
   2.5821000e+04
   2.5822000e+04
   2.5823000e+04
   2.5824000e+04
   2.5825000e+04
   2.5826000e+04
   2.5827000e+04
   2.5828000e+04
   2.5829000e+04
   2.5830000e+04
   2.5831000e+04
   2.5832000e+04
   2.5833000e+04
   2.5834000e+04
   2.5835000e+04
   2.5836000e+04
   2.5837000e+04
   2.5838000e+04
   2.5839000e+04
   2.5840000e+04
   2.5841000e+04
   2.5842000e+04
   2.5843000e+04
   2.5844000e+04
   2.5845000e+04
   2.5846000e+04
   2.5847000e+04
   2.5848000e+04
   2.5849000e+04
   2.5850000e+04
   2.5851000e+04
   2.5852000e+04
   2.5853000e+04
   2.5854000e+04
   2.5855000e+04
   2.5856000e+04
   2.5857000e+04
   2.6003000e+04
   2.6004000e+04
   2.6005000e+04
   2.6006000e+04
   2.6007000e+04
   2.6008000e+04
   2.6009000e+04
   2.6010000e+04
   2.6011000e+04
   2.6012000e+04
   2.6013000e+04
   2.6014000e+04
   2.6015000e+04
   2.6016000e+04
   2.6017000e+04
   2.6018000e+04
   2.6019000e+04
   2.6020000e+04
   2.6021000e+04
   2.6022000e+04
   2.6023000e+04
   2.6024000e+04
   2.6025000e+04
   2.6026000e+04
   2.6027000e+04
   2.6028000e+04
   2.6029000e+04
   2.6030000e+04
   2.6031000e+04
   2.6032000e+04
   2.6033000e+04
   2.6034000e+04
   2.6035000e+04
   2.6036000e+04
   2.6037000e+04
   2.6038000e+04
   2.6039000e+04
   2.6040000e+04
   2.6041000e+04
   2.6042000e+04
   2.6043000e+04
   2.6044000e+04
   2.6045000e+04
   2.6046000e+04
   2.6047000e+04
   2.6048000e+04
   2.6049000e+04
   2.6050000e+04
   2.6051000e+04
   2.6052000e+04
   2.6053000e+04
   2.6054000e+04
   2.6055000e+04
   2.6056000e+04
   2.6057000e+04
   2.6205000e+04
   2.6206000e+04
   2.6207000e+04
   2.6208000e+04
   2.6209000e+04
   2.6210000e+04
   2.6211000e+04
   2.6212000e+04
   2.6213000e+04
   2.6214000e+04
   2.6215000e+04
   2.6216000e+04
   2.6217000e+04
   2.6218000e+04
   2.6219000e+04
   2.6220000e+04
   2.6221000e+04
   2.6222000e+04
   2.6223000e+04
   2.6224000e+04
   2.6225000e+04
   2.6226000e+04
   2.6227000e+04
   2.6228000e+04
   2.6229000e+04
   2.6230000e+04
   2.6231000e+04
   2.6232000e+04
   2.6233000e+04
   2.6234000e+04
   2.6235000e+04
   2.6236000e+04
   2.6237000e+04
   2.6238000e+04
   2.6239000e+04
   2.6240000e+04
   2.6241000e+04
   2.6242000e+04
   2.6243000e+04
   2.6244000e+04
   2.6245000e+04
   2.6246000e+04
   2.6247000e+04
   2.6248000e+04
   2.6249000e+04
   2.6250000e+04
   2.6251000e+04
   2.6252000e+04
   2.6253000e+04
   2.6254000e+04
   2.6255000e+04
   2.6256000e+04
   2.6257000e+04
   2.6407000e+04
   2.6408000e+04
   2.6409000e+04
   2.6410000e+04
   2.6411000e+04
   2.6412000e+04
   2.6413000e+04
   2.6414000e+04
   2.6415000e+04
   2.6416000e+04
   2.6417000e+04
   2.6418000e+04
   2.6419000e+04
   2.6420000e+04
   2.6421000e+04
   2.6422000e+04
   2.6423000e+04
   2.6424000e+04
   2.6425000e+04
   2.6426000e+04
   2.6427000e+04
   2.6428000e+04
   2.6429000e+04
   2.6430000e+04
   2.6431000e+04
   2.6432000e+04
   2.6433000e+04
   2.6434000e+04
   2.6435000e+04
   2.6436000e+04
   2.6437000e+04
   2.6438000e+04
   2.6439000e+04
   2.6440000e+04
   2.6441000e+04
   2.6442000e+04
   2.6443000e+04
   2.6444000e+04
   2.6445000e+04
   2.6446000e+04
   2.6447000e+04
   2.6448000e+04
   2.6449000e+04
   2.6450000e+04
   2.6451000e+04
   2.6452000e+04
   2.6453000e+04
   2.6454000e+04
   2.6455000e+04
   2.6456000e+04
   2.6457000e+04
   2.6610000e+04
   2.6611000e+04
   2.6612000e+04
   2.6613000e+04
   2.6614000e+04
   2.6615000e+04
   2.6616000e+04
   2.6617000e+04
   2.6618000e+04
   2.6619000e+04
   2.6620000e+04
   2.6621000e+04
   2.6622000e+04
   2.6623000e+04
   2.6624000e+04
   2.6625000e+04
   2.6626000e+04
   2.6627000e+04
   2.6628000e+04
   2.6629000e+04
   2.6630000e+04
   2.6631000e+04
   2.6632000e+04
   2.6633000e+04
   2.6634000e+04
   2.6635000e+04
   2.6636000e+04
   2.6637000e+04
   2.6638000e+04
   2.6639000e+04
   2.6640000e+04
   2.6641000e+04
   2.6642000e+04
   2.6643000e+04
   2.6644000e+04
   2.6645000e+04
   2.6646000e+04
   2.6647000e+04
   2.6648000e+04
   2.6649000e+04
   2.6650000e+04
   2.6651000e+04
   2.6652000e+04
   2.6653000e+04
   2.6654000e+04
   2.6655000e+04
   2.6656000e+04
   2.6812000e+04
   2.6813000e+04
   2.6814000e+04
   2.6815000e+04
   2.6816000e+04
   2.6817000e+04
   2.6818000e+04
   2.6819000e+04
   2.6820000e+04
   2.6821000e+04
   2.6822000e+04
   2.6823000e+04
   2.6824000e+04
   2.6825000e+04
   2.6826000e+04
   2.6827000e+04
   2.6828000e+04
   2.6829000e+04
   2.6830000e+04
   2.6831000e+04
   2.6832000e+04
   2.6833000e+04
   2.6834000e+04
   2.6835000e+04
   2.6836000e+04
   2.6837000e+04
   2.6838000e+04
   2.6839000e+04
   2.6840000e+04
   2.6841000e+04
   2.6842000e+04
   2.6843000e+04
   2.6844000e+04
   2.6845000e+04
   2.6846000e+04
   2.6847000e+04
   2.6848000e+04
   2.6849000e+04
   2.6850000e+04
   2.6851000e+04
   2.6852000e+04
   2.6853000e+04
   2.6854000e+04
   2.6855000e+04
   2.6856000e+04
   2.7014000e+04
   2.7015000e+04
   2.7016000e+04
   2.7017000e+04
   2.7018000e+04
   2.7019000e+04
   2.7020000e+04
   2.7021000e+04
   2.7022000e+04
   2.7023000e+04
   2.7024000e+04
   2.7025000e+04
   2.7026000e+04
   2.7027000e+04
   2.7028000e+04
   2.7029000e+04
   2.7030000e+04
   2.7031000e+04
   2.7032000e+04
   2.7033000e+04
   2.7034000e+04
   2.7035000e+04
   2.7036000e+04
   2.7037000e+04
   2.7038000e+04
   2.7039000e+04
   2.7040000e+04
   2.7041000e+04
   2.7042000e+04
   2.7043000e+04
   2.7044000e+04
   2.7045000e+04
   2.7046000e+04
   2.7047000e+04
   2.7048000e+04
   2.7049000e+04
   2.7050000e+04
   2.7051000e+04
   2.7052000e+04
   2.7053000e+04
   2.7054000e+04
   2.7055000e+04
   2.7056000e+04
   2.7217000e+04
   2.7218000e+04
   2.7219000e+04
   2.7220000e+04
   2.7221000e+04
   2.7222000e+04
   2.7223000e+04
   2.7224000e+04
   2.7225000e+04
   2.7226000e+04
   2.7227000e+04
   2.7228000e+04
   2.7229000e+04
   2.7230000e+04
   2.7231000e+04
   2.7232000e+04
   2.7233000e+04
   2.7234000e+04
   2.7235000e+04
   2.7236000e+04
   2.7237000e+04
   2.7238000e+04
   2.7239000e+04
   2.7240000e+04
   2.7241000e+04
   2.7242000e+04
   2.7243000e+04
   2.7244000e+04
   2.7245000e+04
   2.7246000e+04
   2.7247000e+04
   2.7248000e+04
   2.7249000e+04
   2.7250000e+04
   2.7251000e+04
   2.7252000e+04
   2.7253000e+04
   2.7254000e+04
   2.7255000e+04
   2.7420000e+04
   2.7421000e+04
   2.7422000e+04
   2.7423000e+04
   2.7424000e+04
   2.7425000e+04
   2.7426000e+04
   2.7427000e+04
   2.7428000e+04
   2.7429000e+04
   2.7430000e+04
   2.7431000e+04
   2.7432000e+04
   2.7433000e+04
   2.7434000e+04
   2.7435000e+04
   2.7436000e+04
   2.7437000e+04
   2.7438000e+04
   2.7439000e+04
   2.7440000e+04
   2.7441000e+04
   2.7442000e+04
   2.7443000e+04
   2.7444000e+04
   2.7445000e+04
   2.7446000e+04
   2.7447000e+04
   2.7448000e+04
   2.7449000e+04
   2.7450000e+04
   2.7451000e+04
   2.7452000e+04
   2.7453000e+04
   2.7454000e+04
   2.7623000e+04
   2.7624000e+04
   2.7625000e+04
   2.7626000e+04
   2.7627000e+04
   2.7628000e+04
   2.7629000e+04
   2.7630000e+04
   2.7631000e+04
   2.7632000e+04
   2.7633000e+04
   2.7634000e+04
   2.7635000e+04
   2.7636000e+04
   2.7637000e+04
   2.7638000e+04
   2.7639000e+04
   2.7640000e+04
   2.7641000e+04
   2.7642000e+04
   2.7643000e+04
   2.7644000e+04
   2.7645000e+04
   2.7646000e+04
   2.7647000e+04
   2.7648000e+04
   2.7649000e+04
   2.7650000e+04
   2.7651000e+04
   2.7652000e+04
   2.7653000e+04
   2.7827000e+04
   2.7828000e+04
   2.7829000e+04
   2.7830000e+04
   2.7831000e+04
   2.7832000e+04
   2.7833000e+04
   2.7834000e+04
   2.7835000e+04
   2.7836000e+04
   2.7837000e+04
   2.7838000e+04
   2.7839000e+04
   2.7840000e+04
   2.7841000e+04
   2.7842000e+04
   2.7843000e+04
   2.7844000e+04
   2.7845000e+04
   2.7846000e+04
   2.7847000e+04
   2.7848000e+04
   2.7849000e+04
   2.7850000e+04
   2.7851000e+04
   2.8032000e+04
   2.8033000e+04
   2.8034000e+04
   2.8035000e+04
   2.8036000e+04
   2.8037000e+04
   2.8038000e+04
   2.8039000e+04
   2.8040000e+04
   2.8041000e+04
   2.8042000e+04
   2.8043000e+04
   2.8044000e+04
   2.8045000e+04
   2.8046000e+04
   2.8047000e+04
   2.8048000e+04
